ECG,EDA
531,1
529,1
526,1
521,1
515,1
510,1
505,1
497,1
489,1
487,1
487,2
493,2
498,1
507,2
514,1
521,2
531,2
534,2
536,1
537,1
535,1
533,1
528,1
526,1
522,1
517,1
511,1
502,2
496,1
492,1
492,2
496,2
501,1
507,1
515,1
524,1
530,2
533,2
535,1
535,1
532,1
530,1
529,1
524,1
519,1
515,1
511,1
503,2
495,1
491,1
491,2
495,2
500,1
507,2
513,1
525,2
531,1
532,2
532,1
535,2
534,1
532,1
527,1
522,1
517,1
511,1
508,2
498,2
493,2
490,2
491,2
494,2
496,2
503,2
512,1
522,1
529,1
533,2
532,1
531,1
530,1
528,2
524,1
519,1
515,1
511,1
508,1
501,2
494,1
490,1
489,1
492,2
496,2
506,1
516,1
524,2
531,1
534,2
535,1
536,1
535,1
531,1
527,1
522,1
517,1
511,1
507,1
500,2
494,1
489,1
487,2
491,2
496,1
504,2
512,1
521,1
528,2
531,2
532,1
531,1
531,1
528,1
524,1
519,1
515,1
512,1
508,1
500,1
496,1
492,1
490,2
493,2
497,2
505,1
513,1
523,1
529,1
532,2
531,1
532,1
529,1
528,1
524,1
521,1
516,1
512,1
508,1
501,1
495,1
491,1
491,2
494,2
497,2
504,1
512,1
523,2
530,1
532,1
534,1
535,1
533,1
530,1
527,1
523,1
519,1
514,1
509,1
501,1
495,1
492,1
493,1
498,2
503,2
509,1
518,1
525,2
531,1
535,1
534,1
533,1
531,1
530,1
528,1
525,1
519,1
514,1
511,1
505,1
497,2
493,2
492,2
494,2
499,2
506,2
515,1
521,1
528,1
529,2
531,1
531,1
530,1
529,1
527,2
523,1
518,1
512,1
506,1
498,2
494,1
492,1
491,1
496,2
500,2
508,1
517,1
525,2
531,2
534,2
533,1
534,1
532,1
529,1
526,1
521,1
515,1
512,1
508,2
500,1
494,2
490,1
489,1
494,2
499,2
506,2
515,1
523,2
529,2
532,1
533,1
530,1
530,1
529,1
526,1
520,1
515,1
512,1
508,1
500,1
495,1
492,1
492,1
493,2
498,1
506,2
513,1
522,2
529,1
531,2
531,1
531,1
529,1
527,1
524,1
521,1
519,1
515,1
511,1
502,2
496,1
492,1
492,1
496,2
500,1
506,2
515,1
524,1
531,1
532,2
531,1
531,1
530,1
528,2
526,1
521,1
516,1
512,1
507,1
499,1
494,1
491,1
490,2
492,2
497,2
506,2
513,2
521,2
529,1
532,2
534,1
534,1
532,1
530,1
527,1
523,2
517,1
511,2
507,1
499,1
492,1
488,1
489,1
491,2
497,2
503,2
513,1
521,1
528,2
531,1
532,1
532,1
530,1
528,1
525,1
520,1
516,1
512,1
508,1
500,2
494,1
492,1
493,1
497,2
499,1
506,2
516,1
525,1
532,2
534,1
534,1
533,1
532,1
530,1
527,1
523,1
519,1
513,1
509,1
502,1
497,1
492,1
491,2
494,2
498,1
506,1
515,1
522,1
530,2
533,2
533,1
534,1
532,1
531,1
528,1
525,1
519,1
513,1
507,1
499,2
493,1
492,1
492,1
496,2
500,1
507,1
516,1
525,2
533,2
535,2
533,1
533,1
531,1
527,1
524,1
521,1
516,1
511,1
507,1
497,2
492,1
488,1
488,1
493,2
496,2
505,2
515,1
524,1
531,1
532,1
534,1
534,1
532,1
532,1
527,1
523,1
516,1
512,1
508,2
499,1
494,1
491,1
491,2
496,2
499,2
507,1
515,1
523,2
529,1
533,1
534,1
534,1
532,1
529,1
526,1
521,1
515,1
512,1
507,1
499,2
493,1
490,2
492,1
496,2
501,2
509,2
518,1
527,1
531,1
534,1
534,1
535,1
533,1
531,1
526,1
522,1
517,1
511,1
507,1
501,2
496,1
492,1
493,2
498,2
504,1
511,2
518,1
526,1
532,2
534,2
532,1
531,1
529,1
527,1
525,2
521,1
516,1
511,1
506,1
499,2
496,1
492,1
491,2
494,2
499,2
508,1
517,1
525,1
532,2
534,2
532,1
532,1
530,1
527,1
525,1
522,1
516,1
512,1
507,1
498,2
493,1
491,1
491,2
495,2
498,2
506,1
515,1
522,1
528,1
531,2
533,1
532,1
529,1
526,1
522,2
519,1
515,1
510,1
504,1
497,2
493,1
488,1
490,2
494,2
497,2
507,1
516,1
526,2
532,2
534,2
534,1
533,1
531,1
527,1
524,1
521,1
517,1
513,1
508,1
500,2
496,1
492,2
492,2
495,2
500,2
505,2
515,1
523,1
529,1
531,2
533,1
532,1
530,1
528,2
524,1
521,2
516,1
512,1
506,1
499,1
494,1
491,2
492,1
494,2
499,2
507,1
516,1
524,1
530,1
532,1
531,1
530,1
528,1
526,1
523,1
519,1
514,1
509,1
505,1
498,1
491,1
488,1
490,2
494,2
498,2
505,1
516,1
524,2
532,2
532,2
532,1
531,1
529,1
526,1
524,1
521,1
516,1
512,1
507,1
498,1
494,1
491,1
491,1
496,2
500,2
509,1
519,1
526,2
534,2
536,2
535,1
532,1
532,1
530,1
526,2
522,1
518,1
512,1
507,1
500,2
494,1
492,1
492,2
496,2
499,2
506,1
513,1
521,1
527,1
529,1
531,1
531,1
529,1
525,1
523,1
519,1
514,1
509,1
503,1
496,2
491,1
489,2
491,2
496,2
500,2
510,2
518,2
526,1
532,1
533,1
536,1
534,1
532,1
529,1
526,1
522,1
518,1
514,1
509,1
502,2
496,1
493,2
494,2
498,2
501,1
508,1
518,1
526,2
530,1
531,2
532,1
530,1
528,1
525,1
523,1
519,1
514,1
510,1
505,1
496,1
494,1
490,1
493,1
496,2
500,1
508,2
516,1
524,1
528,1
529,1
529,1
529,1
528,1
526,1
524,1
522,1
518,1
513,2
508,1
500,2
495,1
493,1
493,2
497,2
503,2
511,1
520,1
526,1
532,1
534,2
534,1
532,1
530,1
527,2
524,1
519,1
515,1
512,1
506,1
499,2
496,1
493,1
493,1
496,2
503,1
511,1
519,1
526,1
532,2
534,2
536,1
536,1
534,1
532,1
527,2
521,1
516,1
512,1
506,2
499,2
494,1
491,1
490,1
494,2
499,2
507,1
515,1
524,1
530,2
532,2
531,1
531,1
527,1
525,1
522,2
518,1
515,1
512,1
507,2
499,2
496,1
492,1
494,2
499,2
504,1
512,2
519,2
527,2
532,2
533,2
533,1
534,1
531,1
528,2
525,2
522,1
519,1
515,1
508,1
500,2
496,1
492,1
493,1
495,1
499,2
507,1
515,1
524,1
530,2
534,1
534,1
536,1
534,1
532,1
528,2
522,1
517,1
514,1
508,2
501,2
495,1
491,1
491,1
495,2
503,2
511,1
519,1
527,1
534,1
537,1
537,1
534,1
533,1
529,1
524,1
520,1
515,1
511,1
506,1
500,2
495,1
492,1
494,2
497,2
503,2
511,1
519,1
527,2
532,2
534,2
534,1
534,2
530,1
529,2
526,2
521,1
516,1
512,1
505,1
499,2
494,1
491,1
491,2
495,2
500,1
509,2
517,1
526,2
531,2
533,2
532,1
533,1
531,1
529,1
524,2
519,1
514,1
509,1
502,1
495,2
492,1
489,1
489,1
494,2
499,2
508,1
516,1
524,2
530,2
533,1
533,1
531,2
529,1
526,1
521,1
517,1
513,1
508,1
504,2
496,1
490,1
488,1
491,1
496,2
501,2
509,1
519,1
526,1
531,2
532,2
531,1
530,1
529,1
526,1
523,2
519,1
515,1
511,1
505,1
497,2
493,1
489,2
490,2
496,2
501,2
509,1
519,1
528,1
534,2
536,2
535,2
534,1
531,1
529,2
525,2
520,2
515,1
511,2
505,2
497,1
492,1
489,2
492,1
496,2
501,1
510,2
518,1
526,2
532,1
533,1
534,1
534,1
532,1
528,1
525,1
519,1
515,2
511,1
505,1
496,2
492,1
490,1
492,2
497,2
504,2
514,1
522,1
529,2
533,2
532,2
532,1
532,1
531,1
527,1
523,1
519,1
515,1
511,1
504,2
499,1
495,1
491,1
492,1
497,2
503,2
512,1
520,1
526,2
532,1
533,2
536,1
536,1
532,1
530,2
527,1
521,1
517,1
511,1
506,2
499,2
495,1
492,2
492,1
495,2
502,2
510,1
519,1
527,1
533,2
532,2
531,1
528,1
526,1
524,2
520,2
515,1
511,1
508,1
502,1
495,2
491,1
489,1
491,2
496,2
501,2
509,1
518,1
525,2
528,2
529,2
529,1
530,1
527,1
524,1
520,1
517,2
512,1
507,1
502,1
495,2
491,1
489,2
492,2
497,2
502,2
512,2
522,2
528,2
533,2
533,1
534,1
533,1
529,1
527,1
522,1
518,1
513,1
511,1
505,1
499,2
494,1
491,1
493,1
498,2
504,2
512,1
521,1
527,1
533,2
532,2
534,1
531,1
528,1
524,1
519,2
515,1
512,1
508,1
502,1
495,1
493,1
490,1
493,1
497,2
504,2
512,1
520,1
527,1
532,2
532,2
533,1
534,1
529,1
525,1
522,2
518,1
512,1
507,1
500,2
495,2
492,1
488,1
491,1
496,2
503,2
512,2
520,1
528,2
533,2
534,1
534,1
533,1
530,1
529,2
523,1
518,1
513,1
511,1
504,2
496,2
492,1
489,1
491,1
494,1
501,2
511,1
521,1
530,1
536,1
535,2
534,1
532,1
529,1
526,2
523,2
519,1
515,1
509,1
503,1
496,2
493,1
491,1
492,1
496,2
502,2
510,1
519,1
524,1
530,2
533,2
533,1
532,1
529,1
526,1
524,1
519,1
514,1
511,1
504,1
496,2
493,1
491,2
495,2
499,2
505,2
513,2
523,1
530,2
534,1
534,1
534,2
530,1
528,1
526,1
523,1
519,1
512,1
510,1
503,2
496,1
492,1
491,1
493,1
497,2
502,2
511,2
520,1
527,2
531,2
532,1
533,1
533,1
531,1
527,1
523,1
518,1
515,1
511,1
504,2
499,2
495,1
493,1
494,2
499,2
502,2
510,1
519,1
527,1
533,2
532,2
533,1
532,1
529,1
525,2
523,1
519,1
514,1
512,1
507,2
500,1
494,1
492,2
495,1
500,2
506,1
514,1
521,1
527,1
534,1
534,1
534,1
533,1
531,1
527,2
523,1
519,1
515,1
510,1
504,1
496,2
495,1
494,1
495,1
499,2
505,2
513,1
519,2
527,2
532,2
532,2
533,1
531,1
527,1
527,1
523,1
519,1
516,1
511,1
506,1
499,1
495,1
493,1
495,1
500,2
505,1
513,1
519,1
525,1
528,2
527,1
526,1
526,1
523,1
521,1
516,2
513,1
510,1
507,1
502,1
496,2
493,1
490,1
493,1
496,2
501,1
511,1
520,1
527,1
531,1
532,1
532,1
531,1
530,1
526,1
524,1
518,1
515,1
510,1
502,1
496,1
493,1
492,1
494,1
497,2
504,1
512,1
520,1
529,1
532,1
533,1
532,1
531,1
529,1
527,1
523,1
519,1
515,1
510,1
504,1
496,2
493,1
492,1
494,1
496,1
499,1
509,1
519,1
527,1
531,1
531,1
530,1
529,1
527,1
526,1
522,1
518,1
514,1
511,1
505,2
499,2
494,1
491,1
494,1
497,2
504,2
513,1
520,1
528,1
534,1
535,1
533,1
531,1
528,1
525,1
522,1
519,1
516,1
511,1
505,1
497,2
492,1
490,1
493,1
496,2
502,1
511,1
519,1
529,1
533,2
532,2
531,1
531,1
529,1
526,1
521,1
517,1
513,1
509,1
502,2
495,2
491,1
490,1
493,2
498,2
504,2
514,1
521,1
529,1
533,1
533,1
532,1
530,1
527,1
526,1
523,1
519,1
515,1
511,1
505,1
497,1
492,1
494,2
496,1
499,2
504,1
512,1
521,2
530,1
534,1
534,1
534,1
535,1
532,1
529,1
526,1
523,1
519,1
515,1
507,1
500,2
496,1
495,1
496,2
499,2
504,1
513,1
520,1
527,1
532,2
532,1
534,1
533,1
530,1
526,1
522,1
519,1
512,1
509,1
501,2
495,2
491,1
489,1
494,1
498,2
505,1
513,1
520,1
528,1
531,2
531,2
529,1
529,1
525,1
524,1
521,1
519,1
514,1
508,1
503,1
495,1
493,1
492,1
494,2
498,2
504,2
512,1
521,1
528,1
532,1
533,2
534,1
533,1
529,1
527,1
523,1
519,1
515,1
510,1
504,1
498,2
492,1
491,1
496,1
500,2
505,2
513,1
523,1
530,1
532,2
532,2
534,1
535,1
531,1
527,1
522,1
519,1
515,1
509,1
504,2
500,1
495,1
493,2
495,1
500,2
506,1
513,1
523,1
529,1
533,1
533,1
536,1
536,1
534,1
530,1
526,1
519,1
515,1
511,1
503,1
498,1
494,1
492,1
495,2
500,2
505,1
515,1
525,1
532,1
535,1
535,1
534,1
530,1
528,1
525,1
521,2
517,1
513,1
509,1
502,1
493,2
489,1
487,1
491,1
496,2
504,2
514,1
521,1
529,1
532,1
535,2
536,1
535,1
532,1
529,2
526,1
521,1
515,1
511,1
504,1
497,1
492,1
492,1
492,1
495,2
500,2
511,1
519,1
525,1
528,1
531,2
530,1
531,1
527,1
525,1
521,1
517,1
513,1
508,1
501,1
494,2
490,1
488,1
493,1
499,2
505,2
514,1
523,1
529,1
532,2
531,2
532,1
529,1
527,1
526,2
523,1
519,1
515,1
510,1
504,1
497,2
492,1
492,1
495,1
499,2
507,2
516,1
523,1
531,1
535,1
535,1
535,1
534,1
531,1
529,1
527,1
521,1
517,1
512,1
505,1
499,2
495,1
494,1
496,2
498,2
504,1
512,2
520,1
528,1
532,2
532,1
530,1
531,1
526,1
523,1
519,1
513,1
511,1
507,1
500,1
494,2
490,1
488,1
492,1
496,1
505,1
513,1
522,1
529,1
531,1
532,1
531,1
530,1
527,1
525,1
520,1
517,1
511,1
507,1
500,1
494,1
490,1
489,2
493,1
496,2
504,1
513,1
523,1
529,1
529,1
531,1
531,1
530,1
528,1
525,1
522,1
517,1
511,1
507,1
498,1
495,1
492,1
490,1
495,1
498,2
504,1
513,1
522,1
531,1
532,1
532,1
531,1
531,1
528,1
524,1
520,1
515,1
511,1
507,1
499,1
495,2
491,1
489,1
492,1
496,2
504,2
514,1
521,1
529,1
534,2
535,1
534,1
532,1
526,1
523,1
519,1
515,1
510,1
505,1
498,1
490,1
487,2
487,2
491,1
496,1
503,1
512,1
520,1
528,1
532,1
534,1
533,1
532,1
531,1
528,1
524,1
519,1
513,1
508,1
501,1
496,1
493,1
492,2
494,1
499,1
507,1
515,2
523,2
531,1
533,1
535,1
534,1
533,1
530,1
526,1
522,1
518,1
512,1
507,1
500,1
492,1
488,1
490,2
494,1
498,1
504,1
514,2
522,1
531,1
533,1
535,1
533,1
531,1
527,1
524,1
519,1
515,1
512,1
507,1
500,2
496,1
492,1
491,1
495,1
501,1
508,1
517,2
524,1
532,1
535,2
534,2
533,1
532,1
529,1
527,1
523,1
518,1
515,1
510,1
502,1
496,2
493,1
491,1
495,1
499,2
507,2
516,1
524,1
531,1
534,1
533,1
531,1
530,1
528,1
525,2
521,1
516,1
513,1
508,1
500,1
496,2
492,1
493,2
496,2
502,2
508,1
516,1
523,2
532,1
534,1
533,1
533,1
531,1
529,1
527,1
524,1
518,1
513,1
509,1
499,1
491,1
487,1
487,2
491,1
496,1
506,1
515,2
524,1
529,1
532,1
532,1
531,1
531,1
528,1
525,1
520,1
514,1
511,1
505,1
497,1
492,2
491,1
491,2
494,1
497,2
505,1
515,2
525,1
531,1
533,1
535,1
536,1
533,1
528,1
525,1
521,1
515,1
512,1
509,1
500,1
494,2
489,1
491,2
495,2
499,2
505,2
514,1
524,1
529,1
531,1
532,1
532,1
532,1
531,1
525,1
521,1
516,1
512,1
509,1
502,1
496,1
492,1
494,1
496,1
501,2
508,1
516,1
525,1
532,1
534,1
534,1
534,1
532,1
530,1
530,1
525,1
518,1
513,1
509,1
501,1
498,2
494,2
492,2
496,1
502,2
510,1
517,2
525,1
532,1
534,2
535,1
534,1
532,1
529,1
526,1
521,1
517,1
513,1
508,1
499,1
495,2
494,1
493,2
497,1
502,2
507,2
513,2
522,1
529,1
531,1
531,1
532,1
529,1
527,1
524,1
520,2
516,1
512,1
506,1
500,1
496,1
493,2
493,1
496,1
501,2
508,2
516,1
525,1
531,1
532,1
533,2
534,1
533,1
528,1
524,1
519,1
512,1
507,1
502,1
497,1
494,1
489,1
488,1
494,1
497,2
504,2
515,1
521,2
527,1
531,1
530,1
530,1
530,1
528,1
525,1
520,1
515,1
511,1
505,1
497,1
492,2
488,1
487,2
491,1
495,2
502,2
514,1
524,1
530,1
533,1
534,1
534,1
532,1
529,1
527,1
524,1
519,1
515,1
507,1
499,1
493,2
490,2
492,2
497,1
501,2
508,2
517,1
524,1
530,1
531,1
531,1
531,1
529,1
528,1
527,1
522,1
516,1
512,1
505,2
497,2
491,2
487,1
488,1
492,1
499,2
505,2
515,1
524,1
530,2
534,2
536,2
536,1
532,1
528,1
524,1
518,1
513,1
510,1
505,1
497,2
492,1
489,2
489,2
493,2
497,2
504,2
513,1
521,1
528,1
530,1
531,1
530,1
529,1
528,1
524,2
519,1
514,1
510,1
504,1
498,2
493,2
489,2
490,2
494,2
498,2
508,2
518,1
527,1
534,1
536,1
536,1
536,1
535,1
532,1
529,1
524,1
518,2
512,1
505,1
498,1
493,2
489,2
490,2
492,1
497,2
505,2
515,2
524,1
531,1
534,1
534,1
533,1
532,1
528,1
526,1
521,1
518,1
516,1
511,1
502,1
494,1
489,1
491,2
496,2
501,1
510,2
518,1
526,2
532,1
532,1
534,2
535,1
533,1
529,1
526,1
521,1
519,1
515,1
509,1
499,1
494,2
492,1
492,1
497,2
500,2
508,2
517,1
526,1
531,1
536,1
536,1
535,1
533,1
530,1
527,1
523,1
517,2
513,1
508,1
501,1
495,2
491,2
492,2
494,2
499,2
508,2
516,2
524,1
529,1
530,1
530,1
531,1
528,1
526,1
525,1
520,1
516,1
512,1
507,1
498,1
493,1
490,1
491,2
494,1
499,2
507,2
516,1
524,1
530,1
532,1
534,1
534,1
532,1
529,1
525,1
520,1
515,1
512,1
508,1
498,1
493,1
491,1
491,1
495,1
502,2
511,2
520,1
527,1
534,1
536,1
536,1
536,1
533,1
531,1
529,1
524,1
519,1
514,1
509,1
503,1
496,2
492,1
494,1
496,2
499,2
508,2
517,1
526,1
530,1
531,1
531,1
531,1
529,1
527,1
526,1
522,1
516,1
512,1
507,1
500,1
494,2
489,2
489,1
491,1
495,1
505,1
515,1
525,1
532,1
533,1
533,2
534,1
531,1
529,1
526,1
523,1
518,1
514,1
509,1
502,1
496,1
491,1
492,2
497,1
501,2
507,1
515,1
524,2
531,1
534,1
534,1
534,1
531,1
528,1
525,1
520,1
515,1
512,1
507,1
498,1
492,2
489,1
489,1
494,1
499,2
508,2
516,1
524,1
531,1
532,1
532,2
534,1
531,1
527,1
524,1
519,1
514,1
512,2
505,1
497,1
492,2
490,1
492,1
496,1
500,2
509,1
520,1
528,1
534,1
535,1
536,2
536,1
534,1
531,1
528,2
522,1
517,1
512,1
507,1
498,1
493,1
491,1
489,2
493,2
500,2
508,1
516,1
523,1
531,1
533,1
532,1
532,1
532,1
530,1
525,1
519,1
516,1
511,1
506,1
497,1
490,1
488,1
489,2
494,1
499,2
507,1
514,2
523,1
529,1
532,1
534,1
533,1
531,1
528,1
525,1
521,1
517,1
511,1
507,1
499,1
495,2
492,1
496,2
499,2
503,2
511,1
519,1
528,1
533,1
533,2
533,1
532,1
530,1
526,1
522,1
518,1
514,1
510,1
505,1
497,1
493,2
489,1
491,1
493,1
498,2
506,1
515,1
523,1
529,1
532,1
532,1
531,1
529,1
526,1
522,1
518,1
515,1
511,1
504,1
497,1
493,2
492,2
492,2
495,1
502,1
509,1
518,1
526,1
531,1
532,1
532,1
531,1
527,1
524,1
520,1
515,1
512,1
508,2
504,1
497,1
492,2
488,1
490,1
494,1
499,1
508,1
515,2
526,1
532,1
533,1
534,1
534,1
533,1
530,1
527,1
522,1
518,1
512,1
507,1
497,1
492,2
488,2
489,1
494,1
500,2
509,1
518,1
527,1
531,1
535,1
534,1
532,1
529,1
527,1
522,1
520,1
516,1
512,1
506,1
499,1
496,1
494,1
497,1
500,2
505,2
511,2
520,1
526,1
533,1
535,1
536,1
535,1
532,1
529,1
526,1
521,1
516,1
512,1
506,1
499,1
494,1
491,1
493,1
497,1
502,2
509,2
516,2
523,2
528,2
531,1
532,1
532,1
531,1
529,1
526,1
520,1
514,1
511,1
505,1
496,1
492,1
490,1
492,1
497,1
502,2
509,2
516,1
525,1
531,1
534,1
533,1
533,1
532,1
528,1
526,1
520,1
516,1
511,1
503,1
494,1
490,2
489,1
491,2
494,1
499,2
507,1
515,2
526,1
531,1
534,1
534,1
535,1
532,1
528,1
524,1
520,1
514,1
510,1
505,1
495,1
490,2
488,1
491,1
495,2
500,2
509,2
516,1
524,1
530,1
532,1
533,1
532,1
530,1
527,1
525,1
522,1
516,1
511,1
505,1
498,2
494,2
492,1
494,1
496,1
500,2
510,2
521,1
528,1
534,1
533,1
535,1
534,1
532,1
528,1
524,1
520,1
516,1
512,1
506,1
497,1
493,1
491,1
492,1
495,1
502,2
509,2
518,2
527,1
535,1
536,1
538,1
539,1
537,1
533,1
529,1
524,1
519,1
514,1
506,1
497,1
492,2
489,1
490,2
494,1
500,1
510,1
517,1
526,1
531,1
533,1
533,1
533,1
530,1
528,1
523,1
518,1
515,1
512,1
505,1
498,1
493,2
490,2
492,2
496,1
503,2
512,1
521,1
528,1
534,1
535,1
534,1
533,1
531,1
527,1
526,1
521,1
516,1
511,1
504,1
497,1
491,1
489,1
492,1
497,1
503,2
511,2
518,1
528,1
533,1
536,2
536,2
535,1
533,1
529,1
524,1
519,1
515,1
512,1
505,1
497,1
493,1
489,1
492,2
495,1
502,2
510,1
518,2
524,1
528,1
529,1
531,1
531,1
530,1
528,1
524,1
521,1
517,1
512,1
505,1
499,1
495,2
494,2
495,2
497,1
502,1
511,1
521,1
530,1
534,1
535,1
534,1
534,1
531,1
527,1
523,1
517,1
513,1
509,1
502,1
495,1
492,2
491,1
493,1
499,2
503,2
511,1
522,1
529,1
534,1
535,1
534,1
534,1
532,1
527,1
523,1
518,1
515,1
511,1
504,1
496,1
492,2
491,1
492,1
496,1
502,2
511,1
520,1
528,1
532,1
532,1
529,1
529,1
528,1
526,1
521,1
516,1
513,1
510,1
503,1
496,1
492,2
490,1
493,1
496,2
502,2
510,1
519,1
527,1
531,1
534,1
533,1
532,1
530,1
526,1
524,1
518,1
514,1
511,1
504,1
497,1
492,1
488,2
492,2
495,1
502,1
511,1
519,1
529,1
532,1
533,1
534,1
531,1
528,1
525,1
521,1
515,1
510,1
508,2
500,1
492,1
488,2
489,1
492,2
496,1
504,2
512,1
520,1
528,1
534,1
533,1
533,1
531,1
529,1
527,1
523,1
518,1
511,1
507,1
501,1
494,1
489,2
488,1
491,1
494,1
500,1
509,2
519,1
529,1
532,1
533,1
532,2
532,1
530,1
525,1
521,1
516,1
511,1
508,1
503,1
497,1
492,2
489,1
492,1
497,1
503,1
512,1
521,1
529,1
534,1
535,1
535,1
533,1
531,1
529,1
524,1
520,1
517,1
512,1
504,1
497,1
494,2
490,2
491,1
497,1
502,2
510,2
519,2
526,1
532,1
533,1
533,1
532,1
531,1
527,1
523,1
518,1
515,1
511,1
503,1
497,1
492,1
490,1
491,1
497,1
501,2
511,1
521,1
528,1
532,1
534,1
536,1
536,1
533,1
529,1
527,1
520,1
516,1
511,1
504,1
498,1
495,1
492,1
494,1
498,2
504,1
511,1
518,1
526,1
530,1
532,2
532,2
531,1
529,1
527,1
524,1
518,1
513,2
509,1
502,1
495,1
492,2
491,1
494,1
497,1
505,2
512,2
520,1
527,1
532,1
532,1
532,2
533,1
531,1
528,1
525,1
520,1
516,1
513,1
506,1
500,1
495,2
494,1
496,2
500,1
506,2
514,1
523,1
528,1
532,1
534,1
536,1
535,1
531,1
528,1
525,1
520,1
516,1
513,1
505,1
497,1
492,1
491,1
494,2
497,1
502,1
511,1
519,1
526,1
531,1
533,1
533,1
531,1
530,1
528,1
524,1
519,1
513,1
509,1
500,1
495,1
490,2
489,1
492,1
496,1
500,1
510,1
520,1
529,1
532,1
534,1
535,1
533,1
530,1
526,1
524,1
519,1
514,1
510,1
502,1
495,1
490,2
489,1
494,2
499,1
505,1
514,2
523,1
528,1
533,1
535,1
535,1
535,1
531,1
527,1
523,1
519,1
515,1
510,1
504,1
497,2
492,1
490,2
493,2
497,2
504,1
512,1
521,1
528,1
531,1
532,1
532,2
532,1
531,1
529,1
526,1
519,1
514,1
510,2
503,1
496,1
492,2
489,1
494,2
498,1
504,2
514,1
523,1
529,1
534,1
535,1
536,1
535,1
531,1
527,1
524,1
518,1
513,1
507,1
500,1
492,1
489,1
487,2
489,2
494,1
500,2
510,2
520,1
528,1
531,1
532,1
533,1
534,1
531,1
528,1
524,1
518,1
513,1
509,1
501,1
494,1
490,2
490,1
493,1
497,1
504,1
512,1
521,1
529,1
533,1
535,1
533,1
532,1
528,1
526,1
522,1
519,1
515,1
508,1
500,1
494,1
490,2
490,1
492,1
496,2
503,2
512,2
523,1
529,1
532,1
534,1
534,1
533,1
530,1
527,1
523,1
519,1
515,1
511,1
503,1
495,1
491,1
489,1
492,2
498,2
504,2
510,2
519,2
527,1
531,1
532,1
532,1
531,1
531,1
528,1
525,1
521,1
517,1
512,1
504,1
497,1
492,1
490,2
493,2
497,2
505,2
515,1
523,1
530,1
533,1
532,1
532,1
533,1
531,1
526,1
523,1
519,1
514,1
508,1
500,1
495,1
490,1
489,1
491,1
497,1
503,2
510,1
519,1
527,1
531,1
533,1
532,1
532,1
530,1
527,1
524,1
518,1
513,1
510,1
502,1
495,1
492,2
492,1
495,2
498,2
505,2
513,1
523,1
528,1
531,2
532,2
531,1
532,1
531,1
527,1
524,1
517,1
512,1
508,1
500,1
493,1
488,2
487,1
491,2
497,1
503,2
511,1
520,1
528,1
533,1
532,1
531,1
531,1
529,1
527,1
523,1
517,1
513,1
509,1
502,1
496,2
492,2
490,2
491,2
497,2
504,1
512,1
520,1
529,1
533,1
535,1
535,1
532,1
529,1
527,1
523,1
518,1
514,1
509,1
501,1
495,1
491,1
490,2
494,1
499,1
506,2
516,1
523,2
531,1
535,1
535,1
534,1
536,1
534,1
530,1
525,1
520,1
515,1
511,1
503,1
497,2
493,2
490,1
494,1
499,1
506,2
515,1
523,1
529,1
532,1
531,1
531,1
530,1
527,1
526,1
521,1
516,1
513,1
510,1
501,1
494,1
489,1
489,2
492,1
496,1
503,2
512,1
520,1
530,1
532,1
532,1
534,1
534,1
531,1
528,1
524,1
518,1
512,1
508,1
498,1
492,1
489,1
488,2
492,2
497,1
504,2
512,1
521,1
529,1
531,1
532,1
531,1
531,1
527,1
525,1
520,1
514,1
512,1
508,1
500,1
494,2
490,1
488,1
491,2
495,1
502,2
511,1
519,1
526,1
529,1
530,1
529,1
527,1
526,1
524,1
521,1
514,1
511,1
507,1
499,1
494,1
488,2
488,2
492,1
495,1
504,1
512,2
521,1
529,1
532,1
533,2
531,2
532,1
529,1
527,1
523,1
518,2
514,1
509,1
501,1
495,1
489,2
488,1
492,1
495,1
504,2
512,2
521,1
530,1
532,1
534,1
535,1
534,1
529,1
526,1
523,1
518,1
513,1
508,1
500,1
495,1
492,2
489,1
491,2
496,1
504,2
513,1
521,1
528,1
531,1
533,1
533,1
531,1
528,1
526,1
523,1
517,1
512,1
507,1
500,1
495,1
489,1
489,1
493,2
498,1
508,2
514,1
521,1
529,1
534,1
533,1
534,1
531,1
527,1
524,1
519,1
514,1
511,1
507,1
499,1
496,2
492,2
491,1
493,2
499,2
505,2
515,1
523,1
529,2
531,1
532,1
534,1
533,1
531,1
528,1
523,1
519,1
515,1
509,1
500,1
495,1
492,2
493,1
496,2
498,1
505,2
514,1
524,1
531,1
533,1
534,1
533,1
531,1
529,1
526,1
522,1
517,1
512,1
508,1
500,1
496,1
492,1
490,2
494,2
498,2
506,2
515,1
523,1
530,1
534,1
536,1
536,1
532,1
530,1
527,1
523,1
518,1
514,1
508,1
499,1
493,1
489,2
489,2
496,1
500,1
508,2
516,1
525,1
531,1
532,1
531,1
531,1
530,1
527,1
524,1
518,1
515,1
511,2
507,1
499,1
495,1
492,2
492,1
496,2
499,1
506,1
516,1
524,1
528,1
531,1
532,1
531,1
528,1
525,1
524,1
521,1
516,2
511,1
507,1
498,1
494,2
490,2
491,1
493,1
496,1
504,2
513,2
522,1
529,1
530,1
532,1
533,2
531,1
530,1
526,1
521,1
516,1
512,1
508,1
500,1
495,1
490,1
493,2
497,2
503,2
509,1
516,1
524,1
531,1
532,1
534,1
531,1
529,1
528,1
526,1
521,1
519,1
515,1
509,1
499,1
494,1
491,1
492,1
497,1
501,1
508,2
516,1
524,2
531,1
533,1
536,1
536,1
534,1
530,1
527,1
522,1
518,1
514,1
508,1
500,1
495,1
493,2
492,2
496,1
499,1
507,2
516,1
526,1
534,2
536,1
536,1
537,1
534,1
531,1
527,1
524,1
518,2
515,1
509,1
502,1
497,1
493,2
493,1
496,1
500,2
507,2
515,2
525,1
532,1
533,1
534,1
534,2
532,1
528,1
525,1
521,1
514,1
510,1
507,1
498,1
493,2
490,1
491,2
495,2
501,1
508,1
517,1
526,1
532,2
535,1
536,1
536,1
535,1
531,1
527,1
524,1
518,1
513,1
508,1
500,1
495,1
489,2
489,2
494,2
499,1
506,2
515,1
525,1
531,1
531,1
532,1
533,1
531,1
529,1
527,1
521,1
516,1
512,1
507,1
500,1
495,1
490,2
490,2
493,2
497,1
506,2
515,1
523,1
531,1
532,1
533,1
534,1
532,1
529,1
526,1
523,1
519,1
515,1
509,1
502,1
497,2
492,1
491,2
495,1
499,2
508,2
517,2
525,1
530,1
531,1
531,1
531,2
529,1
527,1
525,1
521,1
515,1
511,1
506,1
498,1
494,1
491,2
491,1
495,1
499,2
508,2
517,2
524,1
531,1
534,1
534,1
534,1
533,1
529,1
526,1
523,1
519,1
514,1
508,1
503,1
497,1
494,1
492,1
495,1
499,1
508,1
518,2
527,1
531,1
531,1
535,1
536,1
534,1
531,1
527,1
521,1
515,1
511,1
506,1
499,1
494,1
494,2
492,1
495,1
496,2
505,1
514,1
523,1
531,1
532,1
534,1
534,1
531,1
529,1
526,1
523,1
516,1
512,1
505,1
496,1
493,1
489,2
491,1
492,1
497,1
506,2
514,2
524,2
529,1
530,1
530,1
531,2
531,1
529,1
526,1
520,1
515,1
511,1
507,1
502,1
496,1
491,1
492,1
497,2
502,1
511,2
519,1
527,1
534,2
536,1
535,1
534,1
531,1
528,1
527,1
523,1
518,1
514,2
508,1
500,1
496,2
492,2
491,1
493,2
497,2
505,2
516,1
524,1
531,1
532,1
532,1
532,1
531,1
530,1
525,1
521,1
516,1
511,1
506,1
499,1
493,1
491,1
492,1
496,2
502,2
510,2
521,2
531,1
537,1
540,1
539,1
537,1
534,1
531,1
527,1
521,1
514,1
509,1
504,1
496,1
492,2
489,2
490,1
495,2
500,1
508,2
519,1
527,2
534,1
536,1
535,1
535,1
533,1
530,1
527,1
523,1
517,1
511,1
504,1
496,1
494,1
489,2
491,1
494,1
498,1
506,2
515,2
523,1
529,1
531,1
531,1
531,2
528,1
526,1
523,1
519,1
515,1
510,1
506,1
496,1
492,1
488,1
488,1
492,1
498,1
505,2
514,1
523,2
530,1
533,1
534,1
532,1
530,1
527,1
524,1
518,1
515,1
511,1
506,1
497,1
492,1
491,2
494,2
497,2
502,1
509,1
519,1
527,2
533,2
535,1
535,1
535,1
533,1
527,1
523,1
519,1
514,1
510,1
504,1
496,1
492,1
488,2
490,2
495,1
500,1
506,2
514,1
522,1
529,1
529,1
529,1
530,1
530,1
527,1
524,1
520,1
517,1
513,1
507,1
499,1
495,1
490,2
492,1
495,1
499,2
508,1
518,1
526,2
531,1
532,1
532,1
532,1
531,1
528,1
524,1
519,1
515,1
511,1
504,1
495,1
491,2
488,2
489,2
494,1
497,1
505,2
514,2
524,2
530,1
534,1
537,1
536,1
533,1
529,1
526,1
521,1
515,1
510,1
504,1
497,1
493,1
489,2
491,1
494,2
498,1
508,1
518,1
526,1
531,1
531,1
533,1
532,1
531,1
530,1
526,1
522,1
516,1
512,1
504,1
497,1
493,1
489,2
491,1
496,1
501,1
508,2
518,1
525,2
532,1
533,1
531,1
531,1
529,1
527,1
524,1
519,1
515,1
511,1
505,1
496,1
492,1
490,2
494,1
498,1
503,2
511,2
519,2
527,2
531,1
531,1
530,1
530,1
531,1
527,1
524,1
519,1
513,1
510,1
503,1
495,1
492,1
491,2
492,1
494,2
499,1
507,2
515,1
523,2
530,1
532,1
532,1
532,1
529,1
527,1
523,1
519,1
515,1
511,1
505,1
499,1
494,1
492,1
493,1
496,2
501,1
510,2
521,1
530,1
535,1
536,1
537,1
535,1
533,1
531,1
528,1
524,1
519,1
514,1
507,1
498,1
493,1
491,1
491,1
495,2
499,1
508,2
517,1
527,1
532,1
534,1
535,1
534,1
531,1
528,1
524,1
520,1
515,1
511,1
505,1
498,1
493,1
491,2
493,2
497,2
502,1
510,2
519,2
528,1
533,1
536,1
537,1
535,2
531,1
527,1
523,1
518,1
513,2
509,1
504,1
496,2
492,1
490,2
493,1
496,1
504,1
512,2
521,2
529,1
536,1
535,1
535,1
534,1
530,1
526,1
524,1
519,1
515,1
510,1
504,1
495,1
491,1
489,2
490,2
494,1
500,1
508,1
519,1
528,1
534,1
535,1
536,1
536,1
533,1
531,1
527,1
524,1
519,1
513,1
505,1
497,1
492,1
491,2
490,1
493,1
499,1
508,1
517,1
525,1
531,1
533,1
533,1
533,1
530,1
528,1
525,1
519,1
513,1
510,1
504,2
497,1
493,1
492,2
495,1
499,1
503,1
511,2
519,1
525,1
530,1
531,1
532,1
531,1
530,1
527,1
525,1
521,1
516,1
511,1
505,1
498,1
493,2
491,1
493,1
496,1
503,1
511,2
520,2
528,2
533,1
533,1
532,1
531,1
530,1
528,1
525,1
521,1
517,2
513,1
506,1
499,1
495,1
492,2
493,1
496,2
504,1
512,1
521,1
528,1
533,1
534,1
535,1
534,1
532,1
530,1
527,1
521,1
516,1
511,1
504,2
496,1
491,1
489,2
491,1
494,2
501,2
510,2
519,1
526,1
532,1
533,1
533,1
534,1
532,1
529,1
526,1
519,1
514,1
511,1
505,1
496,1
492,1
491,2
493,2
496,1
503,1
511,2
519,2
526,1
529,1
532,1
533,1
531,1
529,1
527,1
524,1
521,1
517,1
513,1
508,1
501,1
497,2
494,2
496,1
499,1
503,2
510,2
518,2
527,1
530,1
531,1
531,1
532,2
530,1
528,1
525,1
520,1
515,1
512,1
506,1
498,1
492,2
491,2
494,1
497,1
503,1
512,1
520,1
529,1
534,1
534,1
535,1
534,1
531,1
529,1
527,1
524,1
519,1
514,1
505,1
499,1
492,1
489,1
492,2
496,1
503,1
511,2
519,1
526,1
532,1
534,1
532,1
531,1
529,1
527,1
521,1
518,1
512,1
508,1
503,1
495,1
491,1
488,2
491,2
495,2
502,2
509,2
518,1
527,1
532,1
534,1
533,1
532,1
530,1
526,1
523,1
520,1
516,1
512,1
505,1
498,1
492,1
490,1
492,1
496,1
501,1
508,1
517,1
525,1
529,1
530,1
530,1
531,1
530,1
527,1
522,1
517,1
513,1
509,1
502,1
496,1
492,1
489,2
492,1
496,1
502,1
510,1
518,1
527,1
531,1
531,1
532,1
531,1
529,1
527,1
524,1
517,1
514,1
509,1
503,2
496,1
493,1
491,2
493,1
496,2
503,1
511,2
519,2
526,2
531,1
532,1
533,1
532,1
530,1
527,1
524,1
520,1
516,1
512,1
505,1
498,1
493,1
491,2
492,1
495,1
500,1
509,2
518,1
526,1
530,1
532,1
532,1
532,1
529,1
525,1
521,1
516,1
511,1
508,1
501,1
491,1
487,1
486,2
491,1
494,2
501,1
509,2
519,1
527,2
532,1
533,1
534,1
532,1
531,1
525,1
521,1
517,1
513,1
508,1
501,1
495,1
492,2
490,1
492,1
497,1
502,2
511,2
519,2
526,1
531,1
532,1
533,1
533,2
529,1
527,1
524,1
519,1
514,2
510,1
504,1
496,1
492,2
490,2
493,2
497,2
505,1
512,2
520,1
528,2
531,1
531,1
533,1
531,1
529,1
527,1
524,1
518,1
513,1
509,1
501,1
494,1
491,1
491,1
492,1
495,2
502,2
510,2
519,1
528,1
532,2
534,1
534,1
534,1
531,1
529,1
526,1
520,1
517,1
511,1
503,1
496,1
494,2
492,1
495,1
497,1
504,1
515,2
523,1
530,1
534,1
532,1
531,1
530,1
529,1
526,1
523,1
519,1
513,1
508,1
502,1
495,1
492,2
491,2
493,1
497,2
504,1
512,1
521,1
529,2
533,1
534,1
534,1
532,2
531,1
527,1
524,1
519,1
515,2
508,1
501,1
495,1
492,2
490,1
492,1
497,1
503,1
513,2
522,2
530,1
534,1
534,1
534,1
532,1
530,1
527,1
523,1
519,1
514,1
510,1
504,1
497,1
495,1
493,2
495,2
500,2
508,1
517,1
524,1
530,1
533,1
534,1
535,1
534,1
532,1
528,1
525,1
520,1
515,1
510,1
502,1
496,1
491,1
489,1
491,1
496,2
502,1
511,1
519,1
527,1
531,1
531,1
530,1
530,1
528,1
526,1
520,1
517,1
511,1
507,1
501,1
493,1
491,2
490,2
493,2
498,2
504,1
512,1
521,1
529,1
533,1
532,1
531,1
530,1
527,1
525,1
521,1
516,1
513,1
509,1
502,1
495,1
493,2
490,2
493,2
497,2
504,1
512,2
520,2
529,1
532,1
534,1
534,1
531,1
528,1
526,1
523,1
517,1
513,1
510,1
501,1
494,1
491,1
490,1
495,2
499,2
504,1
513,1
523,1
531,1
535,1
535,1
534,1
532,1
529,1
527,1
525,1
519,1
511,1
506,2
498,1
492,1
488,1
488,1
490,1
494,2
501,1
511,2
520,1
528,1
532,1
534,1
534,1
533,1
530,1
526,1
523,1
518,1
512,1
508,1
501,1
494,1
490,1
487,1
491,2
496,1
504,1
514,2
522,1
529,1
532,1
534,1
533,1
531,2
527,1
526,1
520,1
516,1
510,2
506,1
499,1
491,1
487,2
487,2
491,1
493,1
500,1
511,2
519,1
528,2
533,1
535,1
534,1
533,2
529,1
526,1
523,1
520,1
517,1
512,1
505,1
497,1
494,1
492,1
496,1
500,2
508,1
517,1
524,1
532,2
537,1
538,2
539,1
537,1
534,1
530,1
526,1
521,1
516,2
513,2
504,1
496,2
494,1
493,2
496,2
501,2
507,2
515,2
522,2
529,1
531,1
532,1
532,1
529,2
527,1
524,1
520,1
515,1
512,2
509,1
502,1
493,1
488,2
487,1
492,1
496,1
505,1
515,1
524,2
531,1
536,1
536,1
536,1
533,2
532,1
528,1
524,1
520,1
517,2
511,1
504,1
497,1
495,2
493,2
495,1
499,1
506,1
515,1
522,2
528,1
531,1
531,1
532,1
531,2
529,1
526,1
522,1
518,1
514,2
511,1
502,2
495,1
493,1
491,2
496,1
499,1
506,1
515,2
525,2
532,1
536,1
535,1
535,1
532,2
528,1
523,1
520,1
515,1
509,2
504,1
497,1
493,2
491,1
492,2
494,1
497,1
506,1
515,1
524,2
529,1
533,2
534,1
534,1
532,2
529,1
525,1
520,1
516,1
513,1
510,1
501,2
496,1
492,1
493,2
494,2
499,1
504,1
512,2
521,1
529,1
532,1
532,1
532,1
532,1
531,1
527,1
524,1
518,1
514,1
508,1
500,1
495,1
491,2
491,2
494,1
498,1
505,1
513,2
521,2
529,2
533,1
533,1
533,1
531,2
530,1
527,1
523,1
519,1
515,2
510,1
503,1
495,1
493,2
492,2
494,1
499,1
507,1
515,2
523,2
529,1
533,1
533,1
533,1
531,2
529,1
527,1
519,1
514,1
510,2
506,1
498,1
493,2
490,1
491,2
495,2
499,1
505,2
515,2
524,2
532,1
535,1
534,1
533,1
531,2
527,1
524,1
520,1
517,1
513,2
508,1
498,2
492,2
491,2
491,2
494,1
498,1
506,2
515,2
521,2
529,1
534,1
534,1
535,1
533,2
529,1
524,1
520,1
516,1
512,2
508,2
502,1
495,2
492,2
491,2
494,1
498,2
506,1
516,2
524,2
531,1
534,1
533,1
535,1
532,2
529,1
526,1
520,1
515,1
510,2
505,1
498,1
492,1
489,2
490,2
494,1
498,2
506,1
517,2
524,1
532,1
535,1
535,1
535,1
534,1
528,1
525,1
521,1
516,1
511,2
505,1
497,1
492,2
490,2
491,2
495,1
501,1
508,1
517,2
525,2
531,1
533,1
532,1
533,1
531,1
529,1
527,1
522,1
518,1
514,2
510,1
502,1
494,1
489,2
490,2
495,2
500,2
506,2
518,2
526,2
532,1
534,1
536,1
536,1
534,2
529,1
527,1
523,1
519,1
512,1
508,1
499,1
492,1
490,2
491,2
495,1
500,1
508,2
517,1
524,2
531,1
534,1
533,1
534,1
532,2
529,1
527,1
522,1
518,1
513,2
508,1
500,1
495,1
491,2
492,2
496,1
500,1
507,2
515,2
524,2
531,1
534,1
533,1
534,2
532,2
529,1
526,1
521,1
515,1
511,1
508,1
502,1
496,1
492,2
492,1
495,1
498,2
506,2
514,2
521,2
528,1
532,1
535,1
537,1
536,1
531,1
527,1
523,1
518,1
513,1
509,1
499,1
493,2
490,1
489,2
494,1
498,2
507,2
518,2
526,2
533,1
535,1
536,1
536,1
534,2
530,1
527,1
523,1
517,1
512,1
508,1
502,1
495,1
490,2
488,2
492,1
497,1
506,1
515,2
523,1
531,1
532,1
533,1
533,1
531,1
529,1
525,1
520,1
515,1
510,1
505,1
497,1
491,2
487,2
488,2
493,1
499,1
506,1
515,2
523,2
529,1
532,1
534,1
534,1
532,1
528,1
526,2
521,1
516,1
511,1
505,1
499,1
492,1
489,1
489,2
492,1
499,2
505,2
513,1
522,1
528,1
532,1
532,1
532,1
530,1
529,1
523,1
517,1
514,1
509,1
504,1
497,1
491,1
489,2
490,2
496,1
500,2
508,1
518,1
525,2
531,1
533,1
533,1
534,1
533,1
531,1
529,1
524,1
519,1
513,1
507,2
499,1
494,1
491,1
492,1
496,1
500,1
507,1
516,1
524,1
531,1
532,1
532,1
531,1
528,2
525,1
523,1
518,1
512,1
507,1
503,1
496,1
492,1
488,1
491,2
494,2
499,1
506,1
516,2
524,2
531,1
534,1
534,1
533,1
529,2
527,1
523,1
517,1
512,1
510,1
505,1
498,1
492,1
490,1
490,1
494,1
499,1
507,1
516,1
522,2
529,1
531,1
531,1
530,1
527,2
525,1
524,1
521,1
519,1
515,2
509,1
502,1
496,2
493,2
494,2
496,1
501,1
510,1
519,2
529,2
536,1
537,1
536,1
536,1
534,2
530,1
527,1
524,1
519,1
515,2
510,1
502,1
495,1
491,2
491,2
495,1
500,1
508,1
519,2
526,2
533,1
534,1
534,1
535,1
532,2
528,1
525,1
521,1
518,1
513,2
507,1
499,1
494,1
490,2
492,2
496,1
501,1
509,1
519,2
527,2
531,1
531,1
531,1
533,1
529,1
525,1
522,1
518,1
514,1
511,1
505,1
498,1
493,1
490,1
487,2
492,1
496,2
504,2
514,2
522,2
527,1
530,1
531,1
531,1
530,1
528,1
526,1
521,1
517,1
513,1
505,1
497,1
492,1
489,2
491,2
496,1
500,1
509,1
517,1
526,2
530,1
533,1
532,1
534,1
533,1
529,1
527,1
522,1
517,1
513,1
506,1
500,1
494,2
491,2
492,2
497,1
502,1
510,1
519,2
526,2
532,2
534,2
534,1
533,1
531,1
527,1
524,1
521,1
518,1
514,2
510,2
502,1
494,2
492,2
493,2
498,1
502,1
509,2
518,2
527,2
534,1
535,1
533,1
532,1
531,1
529,1
526,1
520,1
516,1
512,2
506,1
498,1
493,2
491,2
491,2
494,2
498,1
507,2
517,2
525,2
533,1
532,1
534,1
535,1
531,1
527,1
524,1
520,1
515,1
511,1
505,1
498,1
492,2
490,2
490,2
494,2
501,1
510,2
519,2
527,1
532,1
534,1
535,1
534,1
531,2
528,1
524,1
521,1
518,1
513,2
508,2
499,1
493,2
492,2
492,2
496,2
500,1
507,1
515,2
523,2
528,1
531,1
534,1
533,1
530,1
528,1
525,1
519,1
515,1
511,1
505,1
497,1
493,1
490,1
491,2
496,1
501,1
510,1
518,1
527,1
532,1
534,1
534,1
533,1
531,1
528,1
526,1
520,1
514,1
510,2
504,1
498,1
496,2
493,2
494,2
498,1
501,1
509,1
518,2
525,2
531,1
532,1
531,1
531,1
531,1
529,1
524,1
519,1
514,1
511,2
505,1
497,1
493,2
491,2
492,2
496,1
503,1
511,1
519,2
527,2
532,1
532,1
531,1
532,1
529,1
527,1
524,1
519,1
515,1
510,2
503,1
495,1
491,1
492,2
492,2
496,1
502,1
509,1
518,2
526,2
531,1
533,1
532,1
530,1
529,2
527,1
523,1
519,1
514,1
510,1
501,1
493,1
489,1
488,2
489,2
495,1
500,2
508,1
518,2
526,1
531,1
533,1
534,1
535,1
531,1
529,1
525,2
522,1
518,1
512,1
505,1
497,1
491,1
489,1
491,2
496,1
500,2
508,1
517,1
527,1
533,1
535,1
535,1
535,1
533,2
528,1
524,1
520,1
516,1
511,2
505,1
497,1
493,1
491,2
491,2
494,1
499,1
507,2
514,2
523,2
529,1
532,1
533,1
533,1
529,1
526,1
523,1
517,1
513,1
509,2
503,1
495,1
491,2
487,2
489,2
494,1
500,1
508,2
517,2
524,1
530,1
531,1
531,1
531,1
529,2
528,1
524,1
519,1
513,1
510,1
503,1
495,1
493,2
493,2
494,2
499,2
505,1
510,1
518,1
526,2
532,1
533,1
531,1
531,1
529,2
525,1
520,1
516,1
513,1
510,1
503,1
495,1
491,2
488,2
489,2
493,1
499,1
508,1
519,2
525,2
530,1
532,1
530,1
530,1
528,1
524,1
519,1
516,1
514,1
511,2
506,1
498,2
493,1
491,2
492,2
496,2
502,2
511,2
520,2
527,1
531,1
532,1
532,1
534,1
530,2
528,1
524,1
519,1
515,1
510,1
504,1
498,1
494,1
491,2
493,1
496,2
502,1
510,1
519,1
526,1
532,1
534,1
534,1
533,1
532,1
530,1
526,1
521,1
516,1
512,2
504,1
497,1
493,2
492,2
494,2
499,1
504,1
513,1
521,2
527,2
532,1
533,1
532,1
531,1
528,2
525,1
523,1
518,1
514,1
511,1
504,1
498,1
494,2
491,2
493,2
495,1
501,1
511,2
520,2
528,2
532,1
533,1
532,1
531,1
529,2
527,1
523,1
519,1
516,1
513,2
505,1
497,1
493,2
491,2
494,2
499,1
505,1
514,1
524,1
531,1
536,1
535,1
534,1
534,1
531,2
530,1
525,1
519,1
515,1
511,2
504,1
498,1
492,2
489,2
491,1
494,2
500,2
509,1
516,2
526,1
531,1
531,1
533,1
534,1
533,2
531,1
527,1
521,1
516,1
511,2
505,1
498,1
493,2
491,2
493,2
496,2
504,2
513,1
520,2
529,1
532,1
534,1
535,1
534,1
531,1
527,2
524,1
519,1
515,1
512,1
505,1
498,1
493,2
492,2
494,2
498,1
504,2
512,1
521,1
529,1
533,1
535,1
534,1
534,1
532,1
529,2
526,2
521,1
515,1
509,1
501,1
494,1
491,1
490,1
492,2
495,1
502,1
512,2
520,1
528,2
532,1
533,1
533,1
531,1
528,1
524,1
522,1
517,1
511,1
508,2
503,1
496,1
491,1
489,2
492,2
497,1
503,1
511,2
519,2
527,2
532,1
534,1
535,1
535,1
532,2
529,1
526,1
520,1
516,1
511,2
503,1
496,1
495,2
492,2
494,2
500,1
508,1
515,1
521,1
528,1
531,1
532,1
532,1
531,1
529,1
526,1
523,1
518,1
514,1
510,2
503,1
495,1
491,2
491,2
493,2
499,1
505,1
513,1
521,2
527,2
533,1
534,1
532,1
533,1
531,1
527,1
522,1
518,1
515,1
510,2
504,1
497,1
493,2
494,2
498,1
502,2
507,1
515,1
523,1
531,1
534,1
535,1
533,1
534,1
530,1
526,1
524,1
519,1
514,1
511,1
503,1
496,1
492,1
492,2
495,1
498,1
504,1
513,1
521,1
529,1
535,1
535,1
534,1
535,1
531,2
528,1
525,1
520,1
515,1
512,1
504,1
496,1
492,2
492,1
495,2
499,1
504,1
512,1
520,2
527,2
531,1
532,1
532,1
532,1
529,2
526,1
523,1
519,1
516,1
512,1
505,1
498,1
493,2
492,2
494,2
500,1
505,1
514,1
523,2
529,1
531,1
533,1
532,1
530,1
529,1
527,1
523,1
519,1
513,1
508,2
502,1
495,1
490,1
490,2
493,2
499,1
505,1
514,1
522,2
528,2
531,1
532,1
533,1
532,1
529,1
527,1
523,1
518,1
513,1
508,1
501,1
495,1
490,1
490,2
494,1
499,1
505,1
514,1
522,2
529,2
531,1
530,1
531,1
531,1
528,2
524,1
522,1
517,1
514,1
511,1
504,1
496,1
493,1
492,1
494,2
499,1
505,2
516,1
524,1
532,2
533,1
534,1
533,1
533,1
529,1
525,1
522,1
517,1
512,1
508,1
501,1
494,1
491,1
490,2
492,2
495,1
503,1
512,1
519,1
527,2
530,1
531,1
531,1
529,1
526,2
523,1
520,1
516,1
513,1
509,2
501,1
495,1
493,2
491,1
495,2
498,1
505,1
513,1
520,2
527,2
530,1
530,1
530,1
531,1
528,2
526,1
522,1
516,1
512,1
509,1
502,1
495,2
491,1
491,1
493,2
496,1
503,1
513,1
522,2
527,2
531,1
532,1
531,1
532,1
529,2
527,1
524,1
518,1
513,1
508,2
500,1
494,1
491,1
491,2
492,2
497,1
504,1
512,2
520,2
527,2
531,1
534,1
531,1
531,1
529,2
527,1
523,1
519,1
514,1
509,2
500,1
493,1
490,1
491,2
496,2
498,1
505,1
515,1
522,2
528,2
531,1
532,1
534,1
532,1
529,1
527,1
522,1
517,1
512,1
508,2
501,1
495,1
492,2
493,2
496,1
499,1
506,2
515,1
525,1
530,1
532,1
533,1
532,1
530,1
527,1
525,2
521,1
516,1
512,1
508,1
500,1
496,1
493,1
493,2
495,2
499,1
506,1
515,1
524,1
531,2
534,1
531,1
532,1
531,1
527,1
526,1
522,1
517,1
513,1
510,1
503,1
497,1
494,1
493,1
496,2
500,1
507,1
514,1
523,2
530,1
533,1
534,1
532,1
531,1
529,2
525,1
520,1
513,1
509,1
506,2
499,1
494,1
489,2
490,2
494,2
498,1
504,1
513,1
521,1
528,2
530,1
531,1
531,1
531,1
529,2
525,1
521,1
518,1
514,1
510,2
503,1
497,1
493,2
493,2
497,2
500,1
506,1
515,2
524,2
530,2
533,1
533,1
534,1
532,1
527,1
525,1
522,1
517,1
513,1
509,2
502,1
496,1
491,1
491,2
493,2
497,1
505,1
514,1
523,2
529,2
533,1
534,1
532,1
531,1
528,2
527,1
521,1
515,1
512,1
507,1
500,1
496,1
492,1
491,1
494,2
498,2
504,2
512,1
522,1
531,2
534,2
534,2
533,1
530,1
527,2
525,1
521,1
517,1
514,1
507,1
501,1
495,2
490,2
491,1
496,2
500,1
508,2
516,1
524,1
529,1
532,1
532,1
533,1
533,1
529,2
524,1
521,1
515,1
511,1
508,2
499,1
492,1
489,2
490,2
492,2
497,1
505,1
517,1
524,1
530,1
534,1
535,1
534,1
531,1
529,1
525,1
521,1
518,1
513,1
507,2
499,1
493,1
489,2
489,2
493,2
499,1
505,1
512,1
521,1
527,2
530,1
531,1
530,1
529,1
526,2
524,1
521,1
517,1
513,1
509,2
500,1
494,1
490,1
491,2
492,2
498,1
507,1
515,1
523,1
530,1
533,1
534,1
532,1
531,1
527,2
526,1
521,1
515,1
512,1
510,2
502,1
496,1
492,2
493,2
495,2
498,1
504,1
514,1
524,2
530,2
531,1
531,1
532,1
532,1
529,1
525,1
521,1
517,1
515,1
510,1
503,1
496,1
493,1
495,2
497,2
502,2
509,1
516,2
525,1
530,2
534,1
537,1
536,1
534,1
531,1
528,1
523,1
518,1
513,1
507,2
500,2
494,1
490,1
490,2
495,1
499,1
508,1
515,1
523,2
529,1
531,1
531,1
532,1
530,2
527,1
524,1
521,2
518,1
515,1
509,1
500,1
496,2
491,1
491,2
495,2
499,1
507,1
517,1
524,1
531,2
532,1
532,1
535,1
533,1
527,1
524,1
519,1
515,1
513,1
508,1
501,2
498,1
494,1
494,2
496,2
501,2
509,2
517,1
524,1
530,1
531,2
533,1
532,1
531,1
529,1
526,1
521,1
517,1
512,1
509,2
502,1
495,1
490,1
491,2
495,2
499,2
507,1
513,2
521,2
528,2
529,1
531,1
531,1
530,1
528,2
524,1
519,1
514,1
510,1
504,1
496,2
492,1
489,1
490,2
494,2
499,2
507,1
516,1
524,2
529,2
531,1
531,1
529,2
528,1
526,1
523,1
521,2
515,1
510,1
505,2
497,1
491,1
488,1
489,2
493,2
496,2
503,2
512,1
524,1
530,1
533,2
535,1
534,1
532,1
528,1
526,1
519,1
518,1
514,1
508,1
501,1
496,2
492,2
492,2
495,1
498,1
505,1
515,2
523,2
529,2
531,1
534,1
532,1
531,1
529,1
524,1
521,1
518,1
514,1
508,2
501,1
495,1
491,1
492,2
496,2
501,1
509,1
518,2
524,2
531,2
532,1
532,1
531,1
531,1
528,1
524,1
519,1
515,1
510,1
505,2
498,2
493,1
491,1
491,2
494,2
499,1
508,1
515,1
525,2
529,2
531,1
532,1
532,1
529,1
526,2
524,1
520,1
515,1
511,1
504,2
498,1
493,1
489,2
490,2
495,2
499,1
508,1
518,1
527,2
530,2
531,1
531,1
529,1
529,1
528,2
526,1
523,1
519,1
515,1
508,2
502,1
496,1
492,2
493,2
496,1
500,1
509,2
518,1
524,1
530,2
532,1
533,1
532,1
531,1
528,2
525,1
521,1
518,1
514,1
508,1
499,1
495,1
492,1
493,2
496,2
500,2
509,1
517,1
526,2
531,1
532,1
533,1
531,1
529,1
526,2
524,1
519,1
515,1
511,1
505,2
496,2
493,1
491,2
492,2
497,2
501,1
509,2
516,1
522,1
529,1
531,1
531,1
531,1
532,2
529,2
526,1
521,1
518,1
513,1
510,1
502,1
497,1
495,1
494,2
496,2
499,1
509,1
517,1
525,2
531,2
532,1
534,1
532,1
533,1
529,2
527,1
521,1
516,1
512,2
505,1
497,1
493,1
491,1
495,2
497,2
502,1
511,1
520,1
527,2
532,2
534,1
532,1
532,1
532,1
529,2
526,1
520,1
514,1
511,1
506,2
500,1
496,1
493,2
494,2
497,2
502,1
511,1
518,1
524,2
531,2
531,1
531,1
529,1
527,1
526,1
522,1
519,1
514,1
511,2
507,2
500,1
496,1
491,2
491,2
495,2
499,1
508,1
515,1
523,2
529,2
531,2
531,1
530,1
529,1
525,1
522,1
518,1
512,1
509,2
503,1
496,1
491,1
487,1
488,2
494,2
501,2
508,1
518,1
525,1
531,2
531,1
530,1
530,1
529,1
527,1
524,1
520,1
516,1
511,1
507,2
499,1
494,1
491,1
494,1
497,2
503,1
510,1
519,1
527,2
531,2
534,1
535,1
534,1
530,1
526,2
524,1
520,1
515,1
511,1
505,2
499,1
495,1
493,2
494,2
497,2
502,1
509,1
518,1
526,1
531,1
531,1
530,1
529,1
528,1
526,2
524,1
519,1
515,1
511,1
506,1
500,1
495,1
491,1
492,2
495,2
499,1
508,1
518,1
527,1
532,2
534,1
532,1
531,1
530,1
528,2
526,1
520,1
516,1
512,1
507,2
499,1
494,1
490,1
493,2
496,2
503,1
510,1
518,1
527,1
533,2
535,1
535,1
533,2
531,1
527,2
525,1
522,1
516,1
513,1
508,2
501,1
496,1
493,2
495,2
498,2
502,1
510,2
519,1
525,2
530,2
530,1
530,1
530,1
529,1
526,2
525,1
520,1
516,1
512,1
505,1
498,1
493,2
491,2
492,2
495,2
501,2
508,1
516,1
525,1
530,1
533,1
534,1
535,1
535,1
531,2
527,1
524,1
517,1
514,1
508,2
501,1
496,1
493,1
495,2
499,2
504,1
511,2
519,1
528,2
534,2
534,1
534,1
532,1
532,1
528,2
525,1
520,1
517,1
514,1
508,1
500,1
495,1
492,2
494,2
497,2
500,1
509,1
519,2
526,1
530,2
532,1
531,1
532,1
530,1
527,2
524,1
520,1
515,1
511,1
505,1
496,2
494,1
492,1
493,2
496,2
500,1
509,1
515,1
524,1
527,1
529,1
530,1
529,1
527,1
525,1
521,1
516,1
512,1
510,1
503,2
496,1
492,1
490,2
492,2
495,2
499,1
507,1
514,1
521,1
527,2
527,1
529,1
530,1
529,1
527,2
524,1
519,1
515,1
511,1
505,1
498,1
495,1
492,2
494,2
498,1
504,1
512,2
521,1
528,2
532,2
532,1
533,2
533,1
531,1
527,2
524,1
519,1
515,1
511,1
504,2
497,1
494,2
491,1
492,2
497,2
503,2
511,2
520,1
527,1
532,1
534,1
534,1
534,1
532,1
527,1
524,1
519,1
516,1
512,1
505,2
499,1
495,1
492,1
492,2
495,2
500,1
508,1
518,2
526,2
529,2
531,1
531,1
531,1
529,1
526,2
521,1
516,1
511,1
508,1
503,2
496,1
491,1
489,2
491,2
495,2
500,1
508,1
517,1
525,1
529,1
529,1
529,1
528,1
527,1
523,2
521,1
517,1
514,1
510,1
503,2
496,1
492,1
490,1
492,1
497,1
503,1
511,1
520,1
527,2
533,1
535,1
535,1
535,1
532,1
529,2
526,1
521,1
515,1
512,1
506,2
499,1
494,1
492,2
494,2
498,2
504,1
512,1
519,1
527,1
529,2
532,1
533,1
530,1
527,1
525,1
521,1
518,1
513,1
509,1
502,1
494,1
491,2
490,2
492,1
496,2
502,1
511,2
519,1
527,1
531,1
532,1
532,1
531,1
529,1
526,1
523,1
519,1
514,1
511,1
504,1
498,1
495,1
492,1
495,2
498,2
504,1
512,1
520,1
527,1
532,1
536,1
535,1
534,1
530,1
527,1
524,1
519,1
513,1
508,1
499,1
492,2
489,2
489,1
494,2
499,2
503,1
511,1
520,1
529,2
534,1
535,1
533,1
533,1
532,1
529,1
527,1
522,1
517,1
511,1
504,2
496,2
493,2
489,2
492,2
496,2
502,1
511,1
521,1
530,2
534,2
536,1
536,1
535,1
532,1
531,2
526,1
520,1
514,1
507,1
496,2
487,2
483,3
480,3
483,2
487,2
494,2
507,2
523,2
538,2
545,1
548,1
547,1
546,1
542,1
537,1
532,1
526,1
519,1
511,1
501,2
492,3
481,2
476,2
481,2
487,2
497,2
511,2
527,2
538,2
545,2
546,1
546,1
544,1
542,1
537,1
531,1
521,1
513,1
507,1
496,2
487,3
479,3
476,2
479,2
485,2
493,2
509,2
525,2
537,2
545,2
547,1
546,1
545,1
542,1
536,1
529,1
521,1
515,1
508,1
494,2
482,3
472,3
469,3
473,2
482,2
492,2
507,2
522,2
536,2
543,2
544,1
545,1
545,1
540,1
536,1
529,1
522,1
514,1
507,1
496,2
486,3
477,3
473,3
479,2
485,2
495,2
510,2
525,2
539,2
548,2
548,1
549,0
546,0
543,0
538,1
532,1
521,1
513,1
507,1
494,2
483,3
476,2
472,3
477,2
484,2
495,2
510,2
525,2
538,2
546,1
546,1
546,0
543,0
538,0
534,1
529,1
521,0
513,1
505,1
494,2
482,3
476,3
472,3
478,2
485,2
496,2
511,2
526,2
540,2
545,1
545,0
544,0
543,0
540,0
536,0
529,0
521,0
513,1
507,1
495,2
483,3
476,3
472,3
478,3
484,2
495,2
511,2
525,2
539,2
545,1
547,0
546,0
545,0
540,0
534,0
527,0
518,1
510,1
504,1
493,2
483,3
477,3
472,3
479,2
487,2
497,2
512,2
526,2
540,2
546,1
547,0
548,0
545,0
540,0
537,1
531,1
521,1
514,1
506,1
497,1
486,3
480,3
478,3
482,3
488,2
499,2
513,2
528,2
542,2
548,1
548,0
548,0
547,0
543,0
537,1
530,1
522,1
512,1
505,1
494,3
483,3
476,3
471,3
476,3
486,2
496,2
511,2
527,2
539,2
545,0
546,0
545,0
545,0
540,0
534,1
527,1
522,1
513,1
506,1
493,1
485,3
479,3
474,3
480,3
485,2
497,2
513,2
527,2
540,1
546,0
548,0
548,0
547,0
544,1
537,1
532,1
523,1
515,1
508,1
496,1
486,3
477,3
474,3
479,3
485,2
494,2
511,2
524,2
537,1
543,0
545,0
545,0
543,0
539,1
535,1
527,1
519,1
512,1
504,1
491,1
482,3
476,3
474,3
479,3
487,2
498,2
513,2
528,2
541,1
545,0
547,0
547,0
545,0
541,1
534,1
527,1
519,1
511,1
504,1
491,1
483,3
477,3
474,3
478,3
486,2
496,2
511,2
526,2
538,1
543,0
545,0
546,0
544,0
541,1
535,1
528,1
519,1
512,1
506,1
495,1
487,3
480,3
476,3
481,3
488,2
499,2
514,2
528,2
540,1
544,0
545,0
545,0
543,0
538,1
530,1
524,1
516,1
509,1
502,1
487,1
480,3
477,3
475,3
480,3
487,2
497,2
512,2
527,2
540,1
545,0
547,0
546,0
543,0
539,1
533,1
527,1
518,1
512,1
505,1
492,1
484,3
478,3
474,3
478,3
485,2
496,2
510,2
524,2
536,1
542,0
542,0
540,0
539,0
536,1
533,1
526,1
519,1
513,1
507,1
495,1
485,3
479,3
476,3
481,3
487,2
498,2
513,2
529,2
539,1
543,0
544,0
545,0
544,0
541,1
535,1
528,1
521,1
512,1
504,1
492,1
484,3
477,3
475,3
481,3
488,2
501,2
516,2
