ECG,EDA
482,61
482,59
483,60
485,60
486,60
487,59
489,60
489,60
491,60
490,60
490,60
487,61
487,59
486,61
484,59
486,61
486,60
487,61
487,60
488,60
488,59
490,61
491,58
493,61
494,59
496,61
497,59
497,61
497,60
496,60
495,59
493,61
491,59
490,61
489,59
489,61
490,60
491,61
489,60
491,60
492,61
495,60
496,61
497,60
499,60
501,60
504,61
503,59
504,61
504,59
503,61
502,59
499,60
498,59
497,61
497,59
498,60
498,59
499,61
499,60
499,60
503,61
503,59
505,61
507,59
507,61
509,59
510,60
511,59
511,61
510,60
510,60
508,61
506,60
505,60
504,60
505,61
504,59
505,61
505,59
505,61
507,60
507,60
509,60
510,61
512,59
513,61
513,59
513,61
512,60
510,60
508,61
506,60
505,62
504,60
503,61
502,60
503,60
504,60
504,60
504,60
505,61
505,60
506,61
508,59
510,61
512,60
512,61
510,59
511,60
509,59
509,60
505,60
506,61
504,60
503,60
504,61
504,60
504,61
504,59
505,61
506,59
507,60
509,60
510,60
512,59
513,61
515,59
516,61
515,59
513,61
510,60
508,60
508,60
506,60
506,61
505,60
505,61
507,60
508,60
509,60
510,61
511,60
512,61
514,59
516,61
518,60
519,61
519,60
518,60
517,59
516,61
515,60
513,61
512,59
512,60
513,59
512,60
513,60
513,61
513,59
514,61
515,59
517,61
519,59
519,61
519,60
520,60
521,60
519,60
518,61
515,60
514,61
513,60
512,61
511,60
510,61
511,59
511,62
511,59
512,61
514,59
514,61
515,59
518,60
519,60
521,61
521,60
519,60
520,61
518,60
516,61
514,60
513,61
512,60
511,61
511,60
512,60
513,59
514,60
515,59
516,61
518,59
519,61
520,59
522,61
524,60
524,60
526,62
526,60
525,61
523,60
521,61
520,60
519,60
519,60
518,61
518,59
519,61
520,59
522,61
522,59
524,60
527,60
528,61
529,60
531,61
532,59
532,61
532,59
531,61
530,60
528,61
527,60
526,60
525,61
526,60
527,61
527,60
525,61
525,60
526,61
526,60
527,61
528,59
529,61
531,59
533,61
534,60
532,60
532,59
531,61
530,59
529,61
528,60
528,60
527,61
527,60
529,62
530,60
531,61
531,60
532,60
534,60
536,61
537,60
537,61
537,60
537,61
536,60
534,60
532,61
529,60
527,61
524,60
524,61
524,59
522,61
524,60
523,61
523,61
524,60
525,61
527,60
528,61
529,60
532,61
533,59
535,61
534,59
533,61
530,59
528,61
527,60
525,60
524,60
524,61
523,61
524,61
525,61
526,60
526,61
527,59
528,62
530,59
531,62
531,60
532,61
532,60
532,61
531,60
530,61
527,60
526,61
524,60
523,61
523,60
523,61
524,60
524,61
524,60
526,61
527,60
529,61
530,59
530,61
531,60
531,61
531,60
530,61
528,59
527,61
524,59
523,62
521,60
520,61
519,60
519,61
519,61
521,60
522,60
523,61
524,60
524,61
526,60
528,61
528,61
528,60
528,61
527,61
524,61
522,61
519,60
518,61
516,61
515,61
514,61
513,60
513,61
513,60
514,61
515,60
516,62
517,60
518,61
519,60
522,61
521,60
521,62
520,60
519,61
515,60
513,61
511,61
510,61
508,60
505,61
505,59
506,61
506,59
507,61
508,60
508,61
508,60
510,61
511,60
511,61
512,59
513,62
513,59
511,61
510,60
507,61
503,59
504,61
503,60
502,61
502,60
499,61
502,59
503,61
504,60
504,61
505,60
506,61
507,60
510,61
510,60
511,62
511,59
511,61
510,59
509,61
510,60
510,61
510,60
511,61
512,59
514,62
515,59
517,61
519,59
521,61
524,60
526,61
528,60
529,61
531,59
532,62
531,59
530,61
528,60
526,62
524,60
523,61
521,60
520,62
519,60
519,62
519,59
520,62
521,60
521,61
523,60
523,61
525,60
528,62
527,60
527,62
527,60
526,62
524,60
522,61
520,61
518,61
517,61
516,62
516,60
517,62
517,60
518,62
518,61
519,61
521,61
523,61
524,60
524,61
525,60
525,62
524,60
524,62
522,60
519,62
516,60
517,61
517,60
516,61
516,60
514,61
515,60
516,61
517,60
518,61
519,62
521,61
523,62
525,61
525,62
523,61
524,61
523,60
521,61
518,60
518,62
515,60
513,62
512,60
512,61
512,60
512,61
513,60
513,61
514,59
515,61
515,59
515,62
515,60
513,61
512,61
509,60
505,61
500,60
495,61
490,61
484,61
480,60
476,62
473,60
469,62
467,59
465,62
465,60
467,61
470,59
476,61
480,60
488,61
500,61
513,61
526,62
539,61
554,62
568,61
583,62
598,60
614,62
629,60
643,61
659,60
672,61
686,60
699,61
714,59
731,62
745,59
760,62
771,59
779,61
783,60
782,61
775,60
764,61
748,60
731,62
711,59
693,61
677,60
659,62
644,60
628,62
614,60
601,61
588,60
575,62
565,60
555,62
547,60
537,62
526,61
515,61
505,61
495,61
484,61
476,62
467,60
460,62
454,61
450,61
448,61
446,61
444,61
443,62
444,60
444,62
445,60
445,62
444,60
444,61
444,61
442,61
441,60
439,62
437,60
436,62
435,60
434,62
434,60
433,62
436,60
436,62
438,60
440,62
440,60
444,62
446,60
449,62
452,60
453,62
455,60
455,61
454,60
453,61
452,60
451,62
450,60
450,62
451,61
452,61
453,62
454,60
455,62
456,61
459,61
463,61
463,61
465,61
466,62
468,61
470,62
470,61
469,61
468,61
467,60
467,62
467,60
466,62
465,60
466,61
468,61
469,61
471,61
473,61
473,62
476,61
479,62
482,61
484,62
484,61
486,62
486,61
485,62
484,60
483,62
482,61
481,61
480,60
480,62
480,60
481,62
482,60
483,62
485,60
486,61
489,61
491,61
494,60
497,62
497,60
498,62
497,60
496,62
494,61
492,61
492,61
491,61
491,62
489,61
488,61
489,61
489,60
490,61
491,62
492,61
494,62
495,61
497,62
499,61
500,62
501,61
500,62
498,61
496,62
494,61
492,62
490,60
488,62
487,61
488,61
488,61
488,61
488,61
487,62
487,60
490,62
491,60
493,62
493,60
494,62
495,60
494,61
493,60
491,62
489,60
488,62
487,60
487,62
486,60
486,61
488,61
488,61
489,61
490,62
491,60
493,62
495,60
497,62
498,60
500,61
501,60
500,61
500,60
499,62
497,60
496,62
495,60
494,62
493,60
492,61
494,61
496,61
496,60
498,62
499,62
500,61
502,61
504,61
505,62
508,61
509,62
509,61
508,62
507,61
504,62
504,61
502,62
503,61
503,62
500,61
502,62
503,61
504,62
505,60
507,62
508,61
510,62
511,60
513,62
514,60
514,62
513,61
512,62
510,61
508,62
507,62
505,60
504,62
502,61
502,61
503,61
504,61
504,62
504,61
504,60
504,62
504,61
505,62
504,62
504,61
504,62
503,61
500,61
498,61
496,62
491,61
491,62
489,61
488,62
487,61
484,62
486,61
485,62
486,61
486,62
487,61
488,62
489,61
491,62
490,62
487,62
489,60
487,62
487,60
484,62
483,61
481,62
480,60
479,62
478,60
479,63
479,60
480,62
479,60
480,62
481,61
483,61
485,61
486,62
487,62
487,62
486,62
485,61
483,62
481,60
481,62
479,60
479,62
479,60
479,62
478,60
482,61
483,61
484,62
484,62
483,61
487,62
488,61
490,62
491,61
492,62
491,61
490,62
489,60
487,62
486,61
484,61
483,62
483,61
483,62
484,61
485,62
486,61
487,62
488,60
491,62
493,60
495,62
496,61
497,61
498,62
497,61
497,62
495,61
495,62
493,61
492,61
491,61
492,62
492,60
492,62
492,60
493,62
494,61
495,62
497,62
499,61
500,62
502,61
502,62
503,61
502,62
501,61
499,62
497,61
495,62
495,60
494,62
492,60
492,62
493,61
494,62
494,62
495,62
495,62
496,61
498,62
499,61
500,62
501,60
502,63
501,60
499,62
497,60
496,62
495,61
493,62
493,61
494,62
492,61
494,62
495,62
495,61
496,62
494,61
497,62
499,61
500,62
502,61
502,62
503,61
503,62
502,60
502,62
499,61
498,62
497,62
496,61
496,62
496,60
497,62
497,60
497,62
497,61
498,61
500,63
501,61
503,62
504,60
505,62
506,61
505,62
504,61
502,62
499,60
497,62
496,62
495,62
494,62
494,61
495,63
496,60
497,62
499,60
499,62
502,61
503,62
505,61
507,61
507,62
508,61
507,62
506,61
505,62
503,60
502,62
500,61
499,62
498,62
498,61
499,63
499,60
501,62
502,61
504,62
505,61
505,61
508,62
509,61
510,62
510,61
509,62
508,60
504,62
503,60
503,62
501,62
499,61
498,62
499,61
500,62
500,61
501,62
504,61
504,62
506,61
508,62
511,62
513,61
514,62
515,61
515,62
514,61
512,62
511,60
510,62
507,60
506,62
505,62
506,61
506,63
507,60
507,62
507,61
508,62
510,61
511,62
513,61
514,62
515,62
515,62
515,62
513,61
511,62
509,60
508,63
505,60
505,62
504,61
504,62
504,62
504,62
504,62
505,61
504,63
507,61
508,62
509,61
509,62
511,61
511,62
511,61
509,62
506,62
503,61
501,62
499,60
498,62
497,60
495,62
494,62
493,61
493,62
492,61
493,62
495,62
496,62
497,61
496,62
496,60
496,63
495,61
493,62
490,62
488,61
487,63
485,61
483,62
482,61
481,62
482,61
480,62
481,61
482,62
483,61
483,62
486,61
487,62
489,63
490,61
492,62
491,61
490,62
489,61
487,63
485,61
483,62
482,61
482,62
480,62
481,62
481,62
482,62
481,62
482,61
484,63
486,61
488,62
489,61
490,62
491,61
491,62
490,62
487,62
485,61
483,62
482,62
481,62
479,63
478,61
478,62
478,61
478,62
479,61
477,63
479,61
479,62
480,61
482,62
480,62
482,62
481,63
479,61
476,62
472,61
471,63
468,60
466,62
464,61
464,62
464,61
465,62
467,61
470,62
472,61
476,63
479,61
482,62
484,63
486,61
488,63
488,61
489,63
489,61
488,62
489,61
488,62
488,61
488,62
489,61
492,63
493,62
494,62
496,63
497,61
499,63
501,61
503,63
504,61
506,63
507,61
507,62
507,61
505,62
504,63
503,62
502,62
502,62
501,63
501,61
502,63
502,60
504,62
504,61
504,62
506,61
506,62
508,61
507,62
507,61
506,63
504,62
501,62
496,62
492,61
488,63
483,60
478,63
472,61
469,62
468,61
464,62
462,63
460,62
458,63
461,61
464,63
468,61
474,63
483,61
499,63
513,61
527,62
543,61
559,62
577,63
595,61
614,63
633,61
652,62
670,62
686,62
701,62
716,61
732,62
748,63
764,61
781,63
796,61
809,62
818,60
819,62
817,60
807,62
795,60
779,63
755,60
733,62
710,60
688,62
669,60
649,62
631,61
615,62
599,61
583,63
569,61
557,62
547,61
536,62
524,62
511,62
500,61
487,63
476,61
466,63
456,61
447,63
440,61
435,63
431,62
428,62
425,62
423,62
422,62
421,62
419,62
419,62
418,63
416,61
415,63
412,61
410,63
408,62
406,62
403,62
402,62
400,62
399,63
399,61
400,63
400,62
400,63
401,62
402,63
403,62
404,62
405,62
405,63
404,62
404,63
403,61
401,63
398,62
395,63
392,62
388,62
387,62
384,63
381,61
378,63
374,61
369,63
359,61
348,62
338,62
326,63
313,62
301,63
289,62
278,63
266,62
254,63
242,62
231,62
221,63
211,63
202,62
194,63
187,62
180,63
174,62
167,63
163,63
158,63
153,63
150,63
147,63
144,63
140,63
136,63
134,63
130,63
125,63
120,63
115,63
113,63
111,63
108,63
107,63
106,63
105,63
104,63
103,63
103,63
104,63
104,63
104,63
105,63
105,63
105,63
103,63
102,63
99,63
98,63
96,63
95,63
94,63
94,63
94,63
94,63
95,63
96,63
98,63
99,63
102,63
105,63
108,63
110,63
112,63
114,63
116,63
118,63
117,63
117,63
118,63
119,63
119,63
120,63
121,63
124,63
126,63
130,63
132,63
135,63
138,63
141,63
145,63
149,63
152,63
153,63
156,63
157,63
159,63
159,63
159,63
160,63
162,63
164,63
165,63
166,62
169,63
173,63
175,63
178,63
181,63
185,63
191,63
193,63
198,62
200,63
202,63
204,63
206,63
207,63
208,63
209,63
212,63
214,63
216,62
220,63
223,62
226,63
230,63
233,63
237,63
242,63
246,63
250,63
254,63
257,63
259,63
261,62
262,63
263,62
265,63
267,62
269,63
270,62
272,63
275,63
278,63
282,63
285,63
289,63
292,63
296,63
301,63
305,63
308,63
311,63
312,62
315,63
314,62
315,63
316,63
316,63
317,62
318,63
320,62
323,63
326,62
328,63
332,62
335,63
337,63
340,63
344,62
347,63
350,62
351,63
352,62
352,63
352,62
352,63
353,62
353,63
354,62
355,63
356,62
359,63
361,61
363,63
367,62
369,63
372,62
376,63
380,62
383,63
385,61
387,63
390,62
390,63
388,62
388,63
390,62
389,63
390,62
389,63
390,61
392,63
394,61
397,63
400,62
403,63
406,62
409,63
413,62
415,63
418,62
420,63
422,62
423,63
423,62
423,63
421,61
423,63
424,62
425,63
427,62
427,63
430,62
431,63
432,62
435,63
438,62
440,63
444,62
447,63
449,62
452,63
453,62
454,63
453,62
452,63
453,63
453,63
454,62
455,63
456,62
459,63
460,62
462,62
463,62
466,62
469,63
472,62
475,63
478,62
480,62
483,63
483,62
486,62
486,63
485,62
485,63
486,61
487,63
488,61
490,63
492,61
496,63
499,61
501,63
504,61
507,63
510,61
513,63
517,62
519,63
521,62
522,62
523,62
523,63
523,62
526,63
525,62
526,63
527,62
528,62
531,62
532,62
535,63
537,63
539,61
543,63
545,63
548,62
550,63
552,62
555,63
556,62
556,63
556,62
556,63
553,62
556,63
557,62
558,63
560,62
559,63
563,62
566,63
569,62
571,63
574,62
576,63
579,62
582,63
585,63
585,63
588,62
588,63
588,62
587,63
588,62
588,63
588,63
587,63
588,62
590,63
591,62
593,63
594,62
596,63
599,63
601,63
604,63
606,63
607,62
608,63
608,62
607,62
606,62
606,62
606,63
604,62
605,63
604,63
604,63
603,63
607,62
608,63
609,63
611,62
611,62
615,63
616,63
619,63
618,62
620,63
620,62
620,63
619,62
618,63
617,62
616,63
616,62
615,63
616,62
619,63
619,62
620,63
620,62
622,63
625,62
627,63
627,62
627,63
627,61
630,63
629,62
628,63
627,61
625,63
624,62
624,63
623,62
622,63
623,62
622,63
625,62
626,63
627,62
628,63
628,62
632,63
633,62
636,63
637,62
639,63
638,61
637,63
637,62
636,63
636,62
635,63
634,61
632,63
633,61
636,63
635,61
637,63
638,61
639,63
640,61
641,63
643,62
644,63
645,61
646,63
646,62
644,63
642,62
641,63
641,62
639,63
637,62
637,63
634,62
637,63
638,62
639,63
641,62
639,63
643,62
643,63
644,62
646,63
646,63
647,62
645,63
644,62
642,63
640,62
639,63
638,62
637,63
638,62
637,63
638,62
636,63
636,62
633,63
635,62
636,63
636,62
637,63
638,62
639,63
641,63
641,63
640,62
638,63
635,62
633,63
633,61
632,63
629,62
628,63
628,62
627,63
627,62
627,63
625,62
627,63
629,62
631,63
633,62
633,63
636,63
635,63
635,62
635,63
634,62
634,63
633,62
632,63
632,62
633,63
636,62
636,63
637,62
638,63
639,61
643,63
642,61
644,63
646,61
647,63
648,62
648,63
647,62
644,63
643,62
643,63
641,62
640,63
638,62
637,62
637,62
637,63
637,63
639,63
640,63
641,62
642,63
643,62
644,63
644,62
644,63
644,62
643,63
641,61
638,63
636,62
634,63
633,62
633,63
632,61
632,63
632,61
632,63
632,61
632,63
634,62
634,63
634,62
634,63
634,63
634,63
632,63
632,63
630,63
628,62
627,63
624,62
622,63
620,63
620,63
622,63
622,62
621,63
621,62
619,63
621,62
620,63
621,62
622,63
619,61
620,63
620,62
617,62
616,63
614,62
613,63
611,62
608,63
607,62
607,63
608,62
608,63
607,62
606,63
606,61
608,63
608,61
608,63
608,62
607,63
606,62
603,63
602,62
597,63
593,61
589,63
583,62
579,63
574,62
569,63
565,62
561,63
557,62
554,63
551,62
550,63
551,62
554,63
558,62
564,63
573,61
591,63
606,61
622,63
639,61
658,63
676,62
698,63
719,62
739,63
760,62
778,63
796,62
812,63
829,61
847,63
865,61
884,63
902,61
919,63
934,61
943,63
943,61
938,63
929,60
918,63
898,60
874,63
847,61
821,63
799,62
775,63
751,61
729,63
710,62
691,63
675,61
660,63
646,62
633,63
622,62
610,63
598,62
584,63
572,63
560,63
550,62
540,63
533,62
526,63
521,62
518,63
515,62
513,63
511,61
510,63
508,62
509,63
509,62
508,63
507,63
504,63
502,62
499,63
497,62
496,63
494,62
493,63
492,62
493,63
495,63
496,63
497,63
498,63
499,62
497,63
500,62
503,63
504,62
505,63
506,62
509,63
510,62
510,63
508,62
507,63
507,62
507,63
507,62
506,63
508,63
507,63
508,62
509,63
510,62
512,63
513,62
515,63
516,62
517,63
520,62
519,63
519,63
519,63
518,64
519,63
518,63
519,63
518,64
519,63
520,64
520,63
521,64
522,63
524,63
526,63
527,63
530,63
531,64
532,62
534,64
534,62
534,64
533,63
532,63
532,63
532,63
531,63
530,63
531,62
532,63
532,62
534,63
535,63
537,63
536,62
540,63
542,62
543,64
543,62
542,63
544,62
543,64
542,62
541,63
539,61
540,63
540,62
540,63
540,62
538,63
541,62
542,64
544,62
544,63
545,62
546,63
547,63
548,63
548,62
549,64
547,62
546,63
544,62
542,63
542,62
541,63
541,62
539,63
540,62
541,64
541,62
542,64
542,62
543,63
545,62
547,63
547,62
548,64
549,62
552,64
551,62
550,63
550,62
548,63
547,62
546,64
545,62
544,63
545,62
546,64
546,62
547,64
549,63
550,63
552,62
553,63
555,63
559,64
560,63
561,63
562,63
562,64
560,63
560,63
559,64
559,63
558,64
557,62
557,63
559,63
559,64
561,62
561,64
563,62
566,64
568,62
572,64
572,62
574,64
576,63
576,64
575,63
574,63
573,62
572,64
571,62
569,64
568,62
567,64
568,62
569,64
571,62
571,64
572,63
574,64
575,62
577,64
579,62
579,64
581,62
582,64
581,62
579,64
577,62
577,64
575,62
574,64
573,62
573,63
574,63
574,63
574,63
572,64
573,62
575,64
576,62
578,64
578,62
579,63
580,63
579,63
579,62
577,63
575,63
571,63
572,64
571,63
569,64
568,63
566,64
568,63
568,64
568,63
567,64
572,63
573,64
575,63
576,64
576,63
578,64
577,63
576,64
574,63
573,64
573,63
572,64
572,63
572,64
572,62
573,64
573,63
575,64
574,63
575,64
577,63
578,64
579,63
579,64
581,63
582,64
581,63
580,64
578,63
577,64
575,63
574,64
573,63
573,64
569,63
571,64
571,62
572,64
573,63
573,64
575,63
575,64
576,63
578,64
578,63
579,64
579,63
578,64
575,63
574,64
574,63
572,64
571,63
569,64
569,63
570,64
569,63
569,63
568,64
568,63
570,63
570,64
571,63
571,64
571,63
573,64
571,63
571,64
570,63
569,63
564,63
563,63
563,64
563,63
562,63
561,63
564,63
563,65
563,63
563,64
563,63
563,64
564,63
566,64
567,63
563,64
565,62
565,64
564,62
561,64
561,63
559,64
558,63
556,64
555,62
556,64
555,62
555,64
555,62
555,64
556,63
556,64
558,63
559,64
561,62
561,64
560,62
560,64
557,62
556,63
555,62
553,64
553,62
552,64
552,62
550,64
553,62
554,64
555,62
556,64
554,62
558,64
560,63
561,63
562,63
563,64
561,63
560,64
559,63
556,63
555,64
553,63
553,64
551,63
551,64
551,63
551,64
551,63
550,64
551,63
553,64
553,63
554,64
554,63
555,64
555,63
555,64
553,63
551,64
550,63
549,64
547,63
545,64
545,63
545,64
545,63
545,64
545,63
546,64
547,63
547,64
547,63
548,64
550,63
549,64
549,63
548,64
547,63
548,64
545,62
543,64
540,62
538,64
536,62
536,64
537,63
537,64
537,63
536,64
537,64
540,63
541,64
541,64
542,64
543,63
544,64
542,63
540,64
537,63
535,64
533,63
531,64
530,63
529,64
527,63
529,64
529,62
530,64
532,63
530,64
533,63
533,64
535,64
536,63
536,64
538,63
536,64
536,63
535,64
532,63
532,64
530,63
529,64
530,63
528,64
529,63
529,64
530,63
532,64
532,62
534,64
534,62
535,64
535,62
536,64
536,63
535,64
535,63
534,64
532,62
532,64
531,62
529,65
529,63
529,64
531,63
530,64
531,64
531,63
530,64
533,63
534,64
535,63
536,64
535,62
537,64
536,63
535,64
534,63
531,64
531,63
530,64
530,63
530,64
529,63
530,64
530,64
531,64
531,64
532,63
534,64
534,63
534,64
532,63
532,64
533,63
531,64
530,63
528,64
526,63
526,65
523,63
523,64
521,63
519,64
519,63
519,64
519,63
519,64
518,63
519,65
521,63
523,64
523,63
523,64
523,63
525,64
525,63
524,64
523,63
523,64
521,64
521,64
521,63
521,63
523,65
524,63
525,64
527,63
528,64
530,63
531,64
533,63
535,64
536,62
539,64
539,62
537,64
536,63
536,64
535,63
532,64
531,63
530,63
530,64
531,64
530,64
531,63
531,64
531,63
533,64
534,63
535,65
535,63
535,65
534,63
534,64
534,63
534,64
531,63
531,64
528,63
527,65
527,63
526,64
527,63
526,64
527,63
527,64
527,62
530,64
530,62
532,65
532,63
533,64
535,63
535,64
533,63
531,64
529,63
528,64
527,64
527,63
525,64
525,63
526,64
524,63
523,64
524,63
527,64
527,62
530,64
530,63
531,64
530,63
527,64
529,63
528,64
528,65
527,64
527,65
525,63
524,64
523,63
521,64
523,63
523,64
523,63
523,64
524,62
527,65
527,63
527,64
527,64
527,63
528,65
526,63
526,65
524,63
521,64
518,63
514,64
511,65
508,64
506,64
505,64
502,64
499,63
495,64
492,63
489,64
486,63
483,64
481,63
477,64
474,63
473,64
472,63
472,65
472,63
475,64
481,63
495,65
510,63
525,64
544,65
563,63
582,65
604,63
627,63
649,64
670,64
689,63
707,64
724,63
743,65
758,63
774,64
789,62
806,64
824,62
837,64
847,62
852,64
852,62
849,64
837,62
821,64
799,63
775,64
747,62
728,64
705,63
684,63
663,64
641,63
624,64
605,63
587,64
570,63
556,64
542,63
530,64
518,63
506,64
497,63
488,64
479,63
469,64
462,63
457,64
452,63
450,64
447,64
445,64
443,65
441,63
438,65
435,63
431,64
429,63
427,64
426,63
423,64
423,63
423,65
423,63
423,65
423,63
425,64
427,63
428,64
429,63
431,65
433,63
435,65
434,63
435,65
435,63
433,64
435,63
435,64
434,63
434,65
435,63
436,65
436,63
438,65
439,63
440,65
440,63
443,64
445,64
447,64
448,64
447,64
449,65
448,64
448,65
446,64
444,64
444,63
444,65
446,63
446,64
445,63
448,64
449,63
449,65
451,63
453,65
454,63
456,65
458,63
459,64
461,63
461,64
461,63
460,64
458,64
459,64
457,64
458,63
457,64
457,63
458,65
459,63
460,65
461,63
462,64
464,63
464,64
465,63
467,64
468,63
471,65
471,63
470,64
470,63
470,64
469,63
467,64
467,63
467,64
467,63
468,65
467,63
468,65
470,63
470,64
472,65
472,64
475,65
476,63
476,64
475,63
476,64
476,64
475,65
473,63
473,65
472,63
470,65
469,63
470,65
472,63
472,64
472,63
472,64
473,63
475,65
475,63
477,65
477,63
479,64
480,63
480,64
480,63
480,64
479,63
479,65
478,64
478,64
477,65
477,64
479,65
480,64
480,65
482,63
481,64
485,63
486,65
487,63
490,65
490,63
491,65
491,63
492,65
491,63
489,65
488,63
487,64
487,63
486,64
486,63
487,65
487,63
489,65
489,63
491,64
493,63
495,64
497,63
499,64
500,63
501,65
501,64
502,64
500,63
500,64
500,65
499,64
499,64
499,64
499,65
501,64
502,65
503,64
504,65
505,64
507,65
507,63
508,65
511,63
512,65
514,63
514,64
514,63
514,64
512,63
512,64
510,63
509,64
508,63
508,64
509,64
508,64
509,65
508,63
510,64
511,63
511,64
512,63
512,64
513,63
513,65
512,63
512,65
511,63
510,64
508,63
506,64
504,63
504,64
501,63
503,65
503,63
504,64
505,63
503,64
507,65
507,64
508,65
510,63
509,65
510,63
509,64
509,63
508,65
505,63
506,65
504,63
504,65
504,63
503,65
505,63
504,64
505,64
505,64
506,65
508,64
509,65
511,64
512,65
514,63
516,65
516,63
516,65
515,63
514,64
515,63
513,64
512,63
512,64
512,63
514,65
514,64
515,64
515,65
515,63
519,65
519,63
520,65
522,63
523,64
526,63
526,65
526,64
525,64
523,65
522,64
520,64
519,64
519,64
519,63
520,65
519,63
519,65
519,65
520,64
522,64
523,64
524,65
524,63
525,64
527,63
525,64
525,63
524,64
522,63
521,65
519,63
519,65
517,63
517,64
518,63
517,65
517,63
518,65
519,63
520,65
522,63
524,64
526,65
527,64
528,65
527,63
527,65
527,63
524,65
524,63
520,64
520,63
518,64
518,63
520,65
519,63
519,65
519,63
521,64
523,63
522,64
523,65
524,64
525,64
528,64
528,65
528,63
527,64
525,63
525,65
523,63
524,65
523,63
523,64
525,63
524,65
525,63
526,64
525,65
528,64
528,65
529,63
531,65
529,63
533,65
534,63
532,65
531,63
527,64
527,63
524,64
524,64
522,64
522,65
523,64
522,64
522,63
521,64
522,63
523,65
523,63
524,65
524,63
524,64
526,63
526,64
526,63
523,64
522,63
522,65
520,64
519,63
518,64
518,63
519,65
518,63
517,64
518,63
519,64
520,65
520,63
522,65
523,63
525,65
527,63
527,64
527,63
526,64
524,63
524,65
521,65
520,65
518,65
518,63
519,65
518,63
518,65
517,63
517,64
519,63
519,64
522,65
522,64
523,65
525,64
525,65
525,63
523,65
521,63
520,65
518,63
518,65
515,63
515,64
517,65
516,64
516,65
515,63
516,64
518,63
518,65
519,63
522,65
522,63
522,65
521,63
521,65
521,63
519,65
519,63
517,64
517,63
516,65
516,63
518,65
518,64
519,65
518,65
519,64
521,65
521,63
522,65
523,63
523,64
524,63
524,65
524,63
522,65
519,63
519,65
516,65
514,64
513,65
512,63
514,65
513,63
514,65
514,63
515,65
516,63
516,65
518,64
519,64
517,64
520,63
519,65
518,63
518,65
514,63
515,65
513,64
512,64
511,65
509,64
511,65
510,63
511,65
510,63
510,65
512,63
512,64
512,65
512,64
513,65
515,64
515,65
513,64
510,65
509,63
508,65
506,63
504,65
503,63
503,64
504,64
504,64
504,65
504,64
504,65
505,64
505,65
506,63
508,65
508,63
510,65
511,63
511,65
511,63
510,65
511,64
510,64
511,66
512,64
511,65
515,63
514,65
515,63
516,65
516,64
518,65
518,64
520,64
521,65
522,64
524,65
524,63
524,65
523,63
523,65
522,64
520,65
519,65
518,64
517,65
518,63
518,65
518,63
517,65
519,64
520,65
519,65
522,64
523,65
523,64
525,65
525,63
524,65
523,63
522,65
521,64
519,64
518,65
519,64
518,65
518,64
518,65
519,64
520,65
520,63
521,65
520,64
521,64
521,65
522,64
524,65
523,63
523,65
522,64
520,64
519,65
518,63
516,65
515,63
515,64
516,65
515,64
517,65
517,63
518,65
520,63
520,65
523,64
524,65
525,65
527,64
526,65
526,64
525,65
524,63
523,65
520,64
519,65
519,65
517,64
518,65
516,63
517,66
515,63
516,65
518,63
517,65
516,65
515,64
514,65
514,63
511,65
510,64
506,64
502,65
498,64
493,65
488,63
483,65
478,64
476,65
472,65
469,64
466,65
463,64
465,65
466,64
469,65
473,65
477,64
490,66
503,64
516,65
530,63
543,65
561,64
576,65
595,64
611,65
629,65
647,64
663,65
680,65
697,65
712,63
730,65
745,63
763,65
779,63
795,64
807,65
811,63
811,65
803,63
793,65
780,63
758,65
738,63
716,65
696,65
678,64
659,65
643,64
624,65
607,63
592,65
576,63
564,65
553,64
543,64
534,65
522,64
512,66
501,64
489,65
480,64
470,65
462,63
455,65
449,64
446,65
443,64
440,65
439,65
436,64
436,66
434,64
433,65
433,64
433,65
432,64
430,65
429,64
428,65
425,64
425,65
423,65
422,65
421,65
421,64
420,65
423,64
424,66
425,64
427,65
430,64
430,65
433,66
433,65
435,65
438,65
437,65
437,64
436,65
435,64
435,65
433,64
434,66
435,64
436,65
436,64
437,65
437,65
438,65
439,65
441,65
444,65
444,64
444,65
444,64
445,65
445,65
446,65
445,66
443,65
443,65
442,64
442,66
441,64
440,65
443,65
442,65
443,66
444,64
446,65
449,65
450,66
452,64
453,65
455,64
456,66
455,64
455,67
455,66
454,64
454,66
452,64
452,66
451,64
451,65
453,65
453,65
454,66
455,64
457,65
458,64
459,65
460,64
461,65
462,64
463,66
463,64
463,65
462,65
462,64
462,66
460,64
461,65
461,64
460,65
462,64
463,65
463,66
464,65
465,65
467,65
467,65
470,65
472,65
472,64
475,66
475,64
475,65
473,64
473,65
473,64
471,65
470,66
469,64
468,65
470,65
470,65
471,64
472,65
473,64
475,65
476,65
477,65
479,65
480,64
482,66
481,64
481,66
480,64
477,65
478,65
477,65
476,66
477,65
476,65
478,64
478,65
479,64
480,66
479,64
481,66
481,64
483,66
484,64
485,65
485,66
487,65
487,67
487,65
485,65
486,64
484,66
484,64
483,65
483,64
485,65
486,66
487,65
488,66
488,64
491,66
492,64
493,65
495,66
496,65
497,66
497,64
497,66
496,64
495,65
495,64
494,66
494,64
494,65
495,66
494,64
497,65
498,65
499,66
499,64
500,65
504,64
505,67
506,64
508,65
512,65
511,65
511,66
511,65
510,66
508,64
508,66
507,65
507,66
507,64
508,66
507,65
508,65
508,66
508,64
509,66
508,64
509,66
509,64
509,65
511,66
509,65
509,66
507,64
505,65
504,64
503,65
502,66
501,65
500,65
501,64
501,66
503,64
502,66
500,64
500,65
502,65
503,65
504,66
504,64
503,65
505,64
505,66
504,66
502,64
502,66
500,64
500,66
499,64
499,66
501,64
501,65
503,64
504,66
504,64
506,66
506,66
507,65
508,66
509,64
511,66
511,64
511,66
510,64
508,65
508,66
506,65
506,66
505,64
505,65
506,64
507,65
507,66
507,65
507,65
508,64
509,66
511,64
512,66
514,65
515,65
514,66
514,65
513,66
511,64
511,66
508,64
508,67
507,64
507,65
508,65
509,65
509,66
510,65
512,66
514,64
513,66
515,64
516,66
518,64
519,66
517,66
517,65
515,66
514,65
514,66
512,64
511,66
509,64
509,66
510,64
509,66
511,65
512,65
511,66
514,64
515,66
516,64
519,66
518,64
521,66
521,65
521,65
520,66
518,65
518,66
516,64
515,67
513,64
514,66
516,65
515,65
515,66
515,65
515,66
516,65
517,66
519,64
520,66
521,64
522,66
521,65
521,66
519,64
519,65
519,64
516,65
515,64
513,66
514,65
515,66
515,65
515,66
516,65
517,65
518,66
518,64
520,66
521,64
523,66
524,65
524,65
524,65
523,65
520,66
520,65
519,65
519,65
518,66
519,64
519,66
519,64
519,65
518,66
519,65
520,66
520,64
522,66
523,64
524,65
526,66
526,65
526,66
524,64
523,66
523,65
521,65
520,64
518,66
519,64
520,66
519,65
519,65
519,66
518,65
521,66
521,65
522,66
524,64
522,66
524,64
524,66
523,65
523,65
520,66
520,65
517,66
515,65
513,66
514,64
516,66
515,64
515,66
515,65
516,65
518,66
518,65
520,66
521,64
522,66
524,64
523,66
523,65
521,66
521,64
520,65
517,66
516,65
514,66
513,64
515,66
514,64
514,66
515,65
516,66
517,66
516,65
516,66
517,65
518,66
518,65
518,66
517,65
516,65
514,66
514,65
511,66
509,66
507,66
507,64
509,66
508,64
508,66
507,66
508,65
509,66
508,65
509,66
510,64
510,66
511,64
510,66
510,65
508,65
507,66
506,65
502,66
500,65
499,66
497,64
499,66
499,64
500,66
502,65
500,66
504,65
505,65
508,66
510,65
510,66
515,65
515,66
516,64
518,66
517,65
518,66
516,66
516,66
515,66
515,65
516,66
516,64
517,66
517,65
518,65
520,66
520,65
521,66
523,65
524,66
525,64
525,66
525,65
524,65
521,66
520,65
518,66
516,65
515,66
515,64
517,66
515,64
516,66
517,65
518,66
520,65
521,65
522,66
523,65
524,66
525,65
524,66
525,65
524,66
520,65
520,66
517,66
516,66
515,66
515,65
516,67
515,65
516,66
516,65
518,66
520,65
521,66
523,65
523,66
524,64
525,66
524,65
524,66
521,65
519,66
519,66
517,65
516,66
515,65
515,66
516,65
515,66
514,65
515,66
514,65
518,66
518,65
519,66
521,65
520,66
523,65
523,66
522,65
521,66
520,64
520,66
517,64
515,67
513,64
513,66
513,65
512,66
511,64
510,66
508,64
508,66
507,65
506,66
504,65
504,65
502,67
498,65
494,67
488,65
485,66
481,65
476,66
471,65
466,66
464,65
466,67
466,65
467,66
469,65
474,66
484,65
495,66
508,64
523,66
539,65
556,66
571,64
586,66
600,65
614,65
628,66
640,65
654,67
666,64
679,66
696,65
711,66
726,64
739,66
752,64
762,66
766,64
768,66
764,65
755,66
744,65
728,65
711,67
694,65
676,66
662,65
644,66
629,64
612,66
598,65
585,66
572,64
559,66
547,64
538,66
530,65
521,66
513,65
505,66
498,65
493,66
485,66
479,66
472,66
465,65
461,67
455,65
452,66
449,65
446,66
444,65
443,66
441,65
440,67
438,65
438,67
438,65
438,67
440,66
441,67
443,66
442,66
441,67
440,66
438,66
438,65
437,67
437,65
438,66
438,65
439,67
440,65
442,66
444,65
444,66
447,65
447,66
449,66
450,66
451,66
454,66
454,67
455,65
454,66
453,65
454,67
452,65
451,67
451,65
451,66
452,65
452,66
453,65
454,66
454,65
456,66
455,67
457,66
459,67
460,66
462,67
462,65
463,67
462,65
461,66
462,65
461,66
460,65
460,66
459,65
461,67
461,65
462,66
463,65
463,66
466,65
468,66
471,66
472,66
473,65
476,66
476,65
477,66
477,65
476,66
477,67
476,66
476,67
474,65
474,66
476,65
476,66
477,65
478,66
479,65
481,66
481,64
483,67
485,65
487,66
489,65
490,66
491,66
490,66
490,66
489,66
487,67
487,66
486,66
486,65
487,67
487,66
487,67
488,65
489,67
491,66
492,66
494,67
496,66
496,65
499,67
499,65
500,67
500,65
498,66
497,65
496,67
495,65
495,66
496,65
497,67
497,65
498,66
498,65
499,66
500,65
501,66
503,65
504,66
504,65
508,66
508,67
507,66
507,66
504,65
505,67
503,65
502,66
502,65
500,66
503,65
502,67
503,65
505,67
504,64
508,67
508,65
509,67
511,65
511,66
510,65
512,66
512,67
512,66
510,67
511,66
509,67
508,66
506,66
506,66
508,67
508,65
509,67
509,65
511,66
513,65
513,66
515,65
516,66
518,65
520,67
521,65
520,67
519,64
519,66
518,65
517,66
517,65
516,66
515,65
513,66
516,65
518,66
519,65
519,66
519,65
521,66
523,66
525,66
526,65
529,66
529,65
530,66
530,67
529,66
524,66
524,65
524,68
523,66
521,67
522,66
520,66
521,65
521,66
519,65
521,67
520,65
520,67
521,64
522,66
524,65
523,66
522,65
520,66
519,66
518,66
515,66
513,66
512,67
510,65
511,67
511,65
511,67
512,65
511,67
511,65
514,67
515,65
516,67
517,66
516,66
518,67
519,67
518,67
515,65
516,67
515,65
514,67
513,65
513,66
515,65
515,67
517,65
517,67
518,65
520,67
520,65
521,67
522,65
524,67
526,66
525,66
526,67
524,66
523,67
522,66
520,67
518,65
518,67
517,65
518,67
517,65
518,67
519,65
519,67
519,64
522,67
524,65
524,67
525,65
525,66
527,65
527,67
527,65
524,67
524,65
521,66
520,65
519,67
518,65
519,67
519,65
520,67
519,65
519,66
522,65
523,67
524,65
524,67
526,65
528,67
528,65
527,67
526,65
525,67
524,65
522,66
521,65
519,66
519,65
520,67
519,65
519,66
518,65
519,66
521,65
521,66
523,65
524,66
526,67
527,66
527,65
527,67
527,65
525,66
526,66
524,66
524,67
523,66
519,66
523,66
522,67
523,66
522,67
522,65
524,67
523,65
524,67
524,65
525,67
527,65
526,67
526,65
525,67
524,65
524,67
522,65
521,67
519,65
519,66
520,66
519,66
519,66
519,67
521,67
523,66
523,67
524,66
524,67
524,66
526,67
526,66
527,67
526,65
524,66
523,65
521,67
521,66
520,67
519,66
519,67
518,65
519,68
519,65
519,67
522,65
522,67
523,65
523,67
525,65
527,67
527,65
527,67
525,66
523,67
522,67
519,66
518,67
515,66
515,67
516,66
516,67
516,66
515,67
516,66
519,67
519,66
520,67
521,66
522,67
524,66
523,67
522,66
521,67
519,65
518,67
514,65
513,67
512,65
510,66
511,65
511,67
512,67
511,67
510,65
512,67
512,65
513,67
514,66
515,67
517,66
517,66
517,66
515,66
514,67
513,66
511,67
511,66
509,67
507,66
508,67
506,66
506,67
505,65
505,67
507,65
505,67
506,65
508,67
507,65
511,67
510,65
511,67
513,65
511,67
513,65
511,67
510,65
511,67
510,65
512,67
511,66
513,67
513,67
514,66
518,67
518,66
520,67
522,65
524,67
526,66
526,67
526,65
524,67
523,65
524,67
521,65
521,67
519,66
520,66
522,67
522,66
522,67
522,66
524,67
526,66
525,67
527,65
530,67
531,65
533,67
531,65
531,67
531,65
529,67
529,65
526,67
525,66
524,67
523,65
523,67
524,66
525,67
525,67
526,66
527,67
526,66
528,68
529,66
531,67
533,66
532,67
531,65
531,67
529,65
529,67
526,65
525,67
523,65
522,67
524,66
522,66
522,67
521,66
521,67
523,66
523,67
525,66
527,67
526,66
527,66
527,67
527,66
526,67
524,66
523,67
520,66
519,66
519,65
518,67
518,66
517,67
517,67
517,67
516,65
519,67
518,65
519,67
519,65
519,67
520,65
518,67
516,65
513,67
511,65
509,67
504,65
500,67
495,65
491,67
489,65
485,67
482,65
478,67
475,65
473,67
471,66
472,66
476,67
478,66
484,67
488,67
497,67
509,65
521,67
532,65
548,67
564,66
580,67
596,65
619,67
635,66
653,68
670,66
686,66
704,66
718,66
736,67
751,65
769,67
789,67
803,65
814,67
818,65
819,66
816,65
806,67
793,65
774,67
755,65
738,67
718,65
700,67
681,65
665,67
652,66
635,67
621,66
607,66
593,67
582,66
571,67
560,67
549,67
538,67
527,67
515,66
505,67
496,66
487,67
483,66
478,67
474,67
471,67
468,66
468,67
467,66
465,67
464,65
463,67
463,66
460,67
458,66
456,66
455,67
453,67
451,67
449,66
448,67
447,66
448,67
448,66
449,67
448,65
449,67
451,66
450,67
451,67
452,66
454,67
457,67
457,67
459,67
458,67
458,66
459,67
457,66
456,67
456,66
455,67
457,66
457,67
458,66
459,67
460,66
462,67
462,67
464,66
465,67
467,66
469,67
469,66
469,67
469,66
468,67
468,66
466,67
465,66
466,67
464,65
464,67
466,65
467,68
467,65
467,67
470,66
470,67
472,66
472,67
474,66
476,67
477,66
478,67
477,66
476,67
476,67
474,67
474,68
472,67
472,67
473,67
472,67
472,67
472,66
472,67
474,66
475,67
476,67
476,67
478,67
480,67
480,67
480,67
479,67
478,66
477,67
476,66
476,67
475,66
474,67
476,66
475,67
476,67
476,67
475,65
478,67
478,66
480,67
481,66
482,67
484,66
484,67
485,66
484,67
483,66
482,67
479,66
478,67
476,66
475,67
477,66
476,67
477,66
476,67
477,66
478,67
479,66
480,67
482,66
484,67
487,66
487,67
488,66
487,67
486,66
486,67
484,66
483,67
483,65
481,67
485,66
485,67
486,66
487,67
487,66
490,67
491,66
492,68
492,66
493,67
496,66
496,67
497,66
496,67
496,66
496,67
495,67
493,67
492,67
493,67
494,68
494,67
494,67
495,67
496,67
499,67
500,67
502,67
504,67
505,67
508,68
508,67
509,67
509,67
509,67
508,67
507,67
505,66
504,67
504,66
505,67
504,66
504,67
505,66
506,67
509,66
508,67
510,66
511,67
512,67
514,67
513,67
513,67
512,67
511,66
511,67
509,66
508,67
505,66
504,67
505,66
504,67
504,67
503,66
504,67
506,67
505,67
506,66
507,67
509,65
511,68
511,66
511,67
510,67
508,66
507,67
506,66
505,67
503,66
503,67
503,67
503,67
503,68
503,67
503,67
506,66
508,67
510,67
511,67
511,66
514,67
514,67
513,66
512,67
512,66
512,67
510,66
508,67
507,67
507,66
508,67
507,66
510,67
511,66
511,67
514,67
515,67
516,66
518,67
521,67
524,67
525,67
526,66
526,67
524,66
523,67
523,67
522,67
521,67
518,66
516,67
518,67
519,67
520,67
519,66
521,67
522,66
523,67
524,67
526,67
527,68
528,67
529,67
528,67
527,67
527,67
526,67
524,67
523,67
522,67
522,67
521,67
521,66
520,67
520,66
521,67
522,66
523,67
524,66
524,67
527,66
527,67
526,66
525,67
524,66
523,67
520,66
519,67
517,67
516,67
515,67
517,67
517,66
517,67
518,66
518,67
520,66
522,69
524,65
524,67
527,66
526,68
526,66
527,67
525,66
525,67
522,66
521,67
520,66
519,67
520,67
519,67
521,67
521,67
521,67
523,67
523,68
525,67
527,67
528,67
531,67
531,67
531,68
529,67
529,67
529,67
526,67
525,67
524,66
524,67
525,66
523,67
523,66
524,67
524,66
526,67
525,66
525,68
526,66
526,68
527,66
526,67
526,67
525,67
523,66
524,68
521,66
520,68
518,66
516,67
517,67
517,68
518,67
517,67
516,66
519,68
519,67
520,68
521,66
521,67
524,67
524,68
524,67
523,67
521,67
521,68
520,66
519,67
517,66
514,67
517,67
515,67
515,66
516,67
515,65
519,68
518,66
518,68
519,66
520,67
524,67
524,67
524,67
524,68
522,67
521,68
519,67
518,69
517,67
515,68
515,67
513,68
515,68
514,67
514,67
515,67
515,67
515,67
516,67
517,68
519,67
520,68
519,66
518,67
518,67
517,68
513,67
511,67
508,67
507,67
507,67
505,66
506,67
505,66
505,67
508,67
507,67
508,68
510,67
511,68
513,67
512,67
511,67
511,67
509,67
508,67
506,67
504,67
501,67
499,66
501,67
500,68
502,68
500,68
499,67
501,68
501,67
503,68
503,67
504,68
508,68
509,67
512,67
511,68
511,67
511,67
509,67
508,67
507,67
508,67
509,68
510,67
512,68
512,67
513,67
517,67
518,67
519,67
521,67
521,66
525,68
526,67
527,67
527,66
523,67
524,67
522,67
521,68
519,67
517,67
518,67
517,68
518,68
517,68
517,67
520,68
519,67
520,68
520,67
522,68
526,67
526,68
526,67
524,68
523,67
524,67
522,67
522,68
520,67
521,68
521,66
519,67
519,66
519,67
519,66
522,68
521,67
522,67
523,68
524,67
524,68
524,67
525,68
524,67
523,67
523,67
519,68
517,67
516,67
514,66
517,68
515,66
515,69
516,66
516,67
519,67
520,67
521,67
521,67
522,68
524,67
525,68
525,67
524,68
522,66
521,68
518,66
516,68
515,66
514,68
515,67
513,67
515,67
515,67
514,68
516,67
515,68
515,67
515,68
513,66
515,68
514,66
512,68
509,66
505,67
501,66
494,68
488,67
483,67
477,68
474,67
470,68
467,68
462,68
458,67
457,68
457,67
460,68
465,67
471,68
484,67
499,68
514,67
530,67
547,67
566,67
583,68
603,67
622,68
641,66
660,68
675,66
692,68
707,66
723,67
742,66
760,67
780,67
799,67
819,68
836,67
844,68
848,66
847,68
839,66
827,68
805,66
780,68
753,66
727,67
703,67
679,68
658,67
636,68
618,66
602,68
584,67
570,68
556,67
545,68
538,67
526,68
512,67
500,68
488,67
477,68
466,67
456,68
447,67
440,68
436,67
431,68
429,67
426,68
425,66
424,68
422,67
420,68
421,67
420,67
423,68
422,67
422,68
422,67
418,68
419,67
415,68
412,67
411,68
409,66
411,68
410,66
412,69
412,67
413,68
416,68
417,67
419,68
420,67
422,68
426,67
428,68
430,67
430,68
431,67
431,68
429,67
428,68
425,67
426,68
428,68
428,67
430,68
430,67
431,68
433,67
435,68
436,67
438,68
440,67
443,68
444,68
446,67
445,68
444,67
444,68
443,67
441,68
440,66
439,68
441,67
441,67
443,68
443,67
444,68
447,67
446,68
448,67
450,68
452,67
455,68
456,67
456,68
457,67
457,68
457,68
455,67
455,68
453,67
451,68
451,67
453,68
454,68
454,68
455,67
460,68
460,67
461,68
463,67
464,68
468,67
468,68
468,67
467,68
465,68
466,67
464,68
463,67
462,68
462,67
463,68
463,67
462,68
462,67
463,67
466,68
467,67
468,68
470,67
471,68
476,67
476,68
478,67
479,68
478,66
477,68
476,67
475,68
473,68
472,67
472,68
473,67
474,69
475,67
474,68
478,67
479,68
480,67
482,68
483,67
486,68
487,68
487,67
487,68
487,67
487,68
485,67
483,68
483,67
482,68
483,67
484,68
486,67
485,68
484,67
487,68
487,67
489,67
492,68
493,67
497,68
498,67
498,68
498,67
498,68
498,67
497,68
496,66
495,68
492,67
494,68
492,67
492,67
494,68
493,67
496,69
497,67
499,70
500,67
504,68
507,67
507,68
508,67
507,68
506,67
506,68
504,67
502,68
501,68
501,67
502,68
501,67
502,68
503,67
504,68
507,67
508,68
509,67
508,68
511,67
513,68
513,67
513,68
512,68
510,67
508,68
507,67
505,68
503,67
501,68
500,66
501,68
503,68
502,68
501,68
504,68
505,68
507,68
508,68
510,67
514,68
513,67
513,68
512,67
511,68
510,67
508,68
507,67
505,68
503,66
505,68
504,67
504,68
504,67
504,67
508,68
509,67
510,68
512,67
515,68
519,67
518,68
519,67
519,68
518,66
517,68
515,67
515,68
514,66
511,67
514,67
513,68
515,67
516,68
515,67
517,67
518,68
521,68
522,68
524,67
528,68
530,67
530,68
529,67
528,68
528,67
524,68
523,67
520,68
520,66
520,68
519,67
519,68
518,67
518,68
520,67
521,68
523,68
525,67
527,68
529,67
530,68
530,67
529,68
528,67
528,68
525,66
524,68
522,66
521,68
522,67
521,68
522,68
521,68
520,68
523,67
521,68
522,67
524,68
525,66
527,68
526,67
527,68
527,67
524,67
524,68
520,67
518,68
515,67
515,68
517,67
515,68
516,67
516,68
517,67
520,68
519,67
521,68
523,68
522,67
527,69
526,67
525,69
525,67
523,68
523,67
520,69
518,67
516,68
514,66
515,68
514,67
513,68
514,66
513,68
517,67
517,68
518,67
519,68
519,67
523,68
524,67
524,68
524,67
521,67
521,68
518,67
517,68
515,67
515,68
516,67
515,68
514,67
512,68
513,67
516,68
517,67
518,68
518,68
520,67
523,68
523,67
525,68
524,67
521,68
522,67
520,68
519,67
518,68
515,68
516,67
515,68
515,68
516,68
515,67
519,68
519,67
521,70
522,67
523,68
526,67
526,68
526,67
524,68
523,67
523,68
521,68
520,68
519,66
518,68
519,67
518,68
518,68
518,67
517,68
518,67
518,68
519,67
521,68
523,67
526,68
525,67
526,68
525,67
523,68
524,67
520,68
519,67
517,67
515,68
517,67
515,68
515,67
516,68
515,66
518,69
517,67
519,70
520,67
521,68
524,67
523,68
521,67
519,68
519,68
518,68
515,68
512,68
511,68
509,67
510,69
509,67
511,69
510,67
511,68
512,67
512,68
512,67
512,68
513,69
515,68
515,69
515,67
515,68
514,67
513,69
509,67
507,68
505,67
504,68
504,69
504,68
505,70
505,67
506,68
508,67
510,68
512,68
513,68
515,67
519,69
520,67
522,70
521,67
519,68
519,67
517,68
514,67
512,68
512,67
514,68
513,68
515,68
515,68
516,68
519,69
519,67
522,69
523,67
524,68
527,68
527,69
527,67
525,68
524,67
523,69
520,67
519,68
519,67
516,68
516,67
516,68
516,67
516,69
516,67
519,69
519,67
520,70
521,67
522,68
526,67
526,68
526,67
526,68
525,67
527,69
525,67
524,68
523,67
523,68
524,69
523,68
524,69
524,67
524,69
527,67
527,69
529,67
529,68
530,67
532,69
531,67
531,69
530,67
528,68
526,67
525,68
525,68
523,68
519,68
518,67
519,69
519,68
519,68
518,67
521,69
521,67
523,70
524,67
526,69
528,67
528,69
529,67
529,68
527,67
526,68
522,68
520,68
518,69
515,68
515,69
512,68
511,67
510,68
509,68
508,69
505,69
503,68
500,69
497,68
496,69
492,68
487,69
482,68
476,68
471,67
464,69
459,68
456,68
455,67
459,69
463,68
473,69
489,67
505,68
525,67
544,68
566,68
586,68
609,67
634,68
655,69
673,67
691,69
707,67
725,69
738,66
755,69
771,66
790,69
812,67
830,68
846,67
856,68
860,67
861,68
853,67
841,67
821,69
798,67
773,69
746,67
721,69
697,67
672,68
651,67
627,68
606,67
586,68
569,67
554,69
540,68
528,69
515,69
503,67
494,69
483,68
473,69
464,67
458,69
452,68
448,69
443,69
438,68
432,69
430,68
425,69
423,68
420,69
416,67
415,69
414,68
414,69
413,69
412,68
414,69
414,68
415,69
416,67
419,69
422,68
423,68
424,69
425,68
423,69
423,68
422,69
422,68
421,69
420,67
419,68
422,69
423,69
423,69
424,68
426,69
428,68
431,70
434,67
435,68
439,68
440,69
441,68
441,68
440,69
441,68
439,69
439,68
438,69
438,67
439,69
438,68
440,69
440,69
441,68
444,69
443,68
445,69
446,67
448,69
451,68
451,69
451,68
452,68
452,69
452,68
449,69
448,68
448,69
448,67
450,69
449,67
451,69
453,68
455,69
457,69
458,68
459,69
461,67
463,69
467,68
468,69
470,70
472,68
472,69
472,68
470,69
470,67
469,68
470,69
471,68
471,69
472,68
472,69
474,67
475,69
476,67
479,70
481,68
482,68
487,69
487,68
487,69
486,68
486,69
486,67
484,69
482,67
480,69
480,68
481,69
480,69
482,68
483,69
484,68
487,69
487,67
487,69
488,68
490,68
494,70
494,68
494,69
495,67
493,68
494,67
492,69
491,68
490,68
489,69
491,68
490,69
490,68
490,69
489,67
492,69
492,68
494,69
495,68
496,68
501,69
501,68
502,69
503,67
502,69
503,67
499,69
497,68
496,69
494,69
496,68
496,69
497,68
497,69
498,67
502,69
503,68
504,69
505,69
507,68
511,70
511,68
512,69
511,67
510,69
509,67
510,69
509,68
508,68
506,69
508,68
506,69
506,67
507,69
507,67
508,69
510,68
511,70
512,69
513,68
516,70
517,68
517,69
516,68
515,69
516,68
514,69
512,67
510,69
510,68
512,69
511,68
512,69
512,69
512,68
515,70
514,68
515,69
516,68
518,69
520,68
521,69
521,68
521,69
519,67
519,69
517,67
514,69
514,68
510,68
512,70
511,68
511,70
512,68
511,69
513,68
513,69
514,68
514,69
514,67
517,70
516,68
516,69
516,68
514,68
513,70
510,68
510,70
508,68
507,70
508,68
508,70
508,68
508,69
508,68
511,69
511,69
512,69
512,69
514,68
517,70
518,68
518,70
517,68
515,70
516,68
514,69
514,68
512,69
511,68
513,69
512,71
513,68
513,70
513,68
515,69
516,68
517,71
519,68
519,69
524,68
524,70
525,68
524,69
522,69
522,69
519,70
517,69
515,70
514,69
515,70
514,69
514,70
513,68
515,70
517,68
516,70
516,68
517,70
519,68
522,70
523,68
524,70
522,69
520,69
519,69
518,69
517,70
514,69
512,69
513,69
513,70
514,68
513,70
514,68
515,70
514,69
515,69
515,70
517,69
520,70
520,68
521,71
521,68
520,70
521,68
517,70
516,69
513,70
512,69
512,70
512,70
512,69
511,70
512,69
514,70
514,68
515,70
516,68
517,70
519,69
519,69
521,70
521,68
519,70
518,69
516,70
515,68
514,70
513,68
514,70
513,68
513,70
513,68
514,70
516,69
516,70
518,70
519,69
520,70
524,69
524,70
525,69
525,70
523,68
523,70
521,68
520,71
518,68
517,70
518,69
517,69
518,71
518,69
517,70
520,69
520,70
521,69
523,70
524,68
527,70
527,68
526,70
526,68
526,70
527,69
524,69
524,70
521,69
521,70
522,69
521,70
522,68
522,70
522,68
524,70
524,68
524,70
525,69
526,69
530,71
531,69
530,70
531,68
529,70
529,69
526,70
525,70
523,70
522,68
524,70
522,69
522,70
522,70
521,69
524,71
523,69
523,70
524,69
525,70
528,69
528,70
529,69
528,70
527,70
526,70
523,70
520,69
519,70
517,69
518,71
517,69
516,70
517,69
515,70
517,69
516,70
516,68
518,70
517,68
522,71
523,69
522,70
522,70
519,69
518,70
515,69
513,71
511,68
508,70
510,69
508,70
507,69
506,70
505,69
508,71
507,69
507,69
506,70
508,69
510,71
510,70
510,71
509,69
508,71
508,69
505,70
504,69
502,70
501,69
501,71
499,69
500,71
499,69
499,70
500,70
501,71
503,69
503,70
504,69
508,71
508,69
508,71
508,69
507,71
507,70
504,71
504,71
503,70
502,69
504,71
504,69
506,70
508,69
509,71
512,69
512,70
514,68
516,70
519,69
522,71
523,69
523,71
522,69
522,70
522,69
519,70
518,70
516,70
516,70
516,70
515,70
515,70
515,69
514,70
517,69
516,71
516,69
518,70
518,68
523,71
523,69
523,70
523,69
521,70
521,70
519,70
518,71
514,70
512,71
513,70
512,71
513,70
512,71
513,70
516,71
516,69
517,71
518,69
519,71
522,69
523,71
524,69
522,70
520,69
521,71
518,70
516,70
514,71
513,70
513,71
513,70
512,71
513,69
513,71
515,70
516,71
517,70
518,71
519,69
521,71
522,70
523,71
523,70
522,71
519,69
518,71
515,71
513,71
511,69
512,71
511,70
511,71
511,70
512,70
514,71
514,70
515,70
515,70
517,70
520,70
519,70
519,71
518,70
516,71
515,70
512,71
508,70
505,70
502,70
501,70
496,70
493,70
489,70
483,69
481,71
477,69
474,71
471,69
467,70
469,70
470,71
473,69
475,71
479,69
485,71
496,69
510,71
522,69
535,70
551,69
567,71
587,69
605,71
624,69
644,71
660,69
679,71
696,68
713,71
733,69
748,71
766,69
783,71
795,69
809,71
814,70
816,70
811,69
803,70
792,69
771,70
751,71
731,69
710,71
693,69
672,71
655,69
639,71
624,69
611,71
596,69
584,71
571,69
556,71
543,69
532,71
521,71
510,70
498,71
491,70
482,71
474,70
467,71
462,70
460,71
456,70
455,71
454,70
453,71
455,70
452,71
451,70
448,71
445,71
445,71
441,71
439,70
438,71
435,70
436,71
435,70
436,71
436,70
436,71
439,70
441,71
443,71
445,70
448,71
451,70
454,71
455,70
456,71
455,69
456,71
454,70
452,71
451,71
450,70
451,71
450,70
451,71
452,70
452,71
455,70
455,71
458,71
460,71
462,71
465,70
466,71
467,70
467,71
466,70
467,71
464,70
463,71
461,70
460,71
461,70
460,71
460,70
459,71
459,69
459,70
462,71
463,71
465,70
466,71
468,70
470,71
471,71
471,70
470,71
468,69
467,71
467,71
465,71
463,70
464,71
464,70
465,71
465,70
465,71
467,71
468,71
469,71
470,70
473,71
477,70
478,71
479,70
479,71
479,70
480,71
478,70
476,71
474,70
473,71
475,71
475,71
477,71
477,71
477,71
478,70
480,71
482,70
483,71
484,70
487,71
490,70
491,72
490,70
488,71
489,70
487,71
486,71
484,71
482,70
484,71
483,71
483,71
484,71
484,71
487,71
488,70
490,71
492,70
494,71
499,70
501,71
502,71
502,71
502,71
503,71
500,71
498,70
496,71
495,70
495,72
494,70
495,71
496,70
496,71
499,70
502,71
504,70
505,71
507,71
509,71
511,72
513,71
513,72
512,70
512,72
509,70
508,73
506,70
505,71
506,70
505,71
506,70
506,71
507,70
509,72
510,70
510,71
510,71
511,71
515,71
515,71
516,72
517,71
516,72
517,71
515,72
514,70
511,72
510,70
512,72
510,70
511,71
512,70
512,71
515,71
515,72
516,72
518,71
520,72
522,71
524,72
524,71
524,72
522,70
523,72
520,70
517,72
515,70
513,71
513,71
512,71
514,72
514,71
513,71
516,71
516,72
518,71
518,71
519,71
523,72
523,71
523,71
522,72
521,71
521,72
517,71
515,72
513,71
511,72
511,71
509,72
509,71
509,72
508,72
510,71
509,72
510,71
511,72
512,71
515,72
515,71
515,72
515,71
514,71
514,72
511,71
509,72
506,71
504,72
505,71
504,72
505,71
505,72
504,71
507,72
507,71
510,73
511,71
513,71
517,72
518,71
519,72
519,71
518,72
519,71
517,72
515,71
512,72
512,72
513,71
512,72
512,71
512,72
513,71
515,73
515,71
517,72
519,71
520,72
524,71
524,72
524,71
524,72
522,71
524,72
520,71
519,71
516,72
513,71
515,72
513,71
513,72
513,71
512,72
515,71
515,72
516,72
518,72
519,72
522,72
523,73
523,71
522,72
520,71
520,73
517,71
516,72
515,71
514,72
515,71
513,72
513,71
513,72
513,71
516,72
515,73
517,71
518,72
519,71
522,72
523,71
523,72
523,71
523,72
523,72
520,72
518,73
515,71
515,73
515,71
514,72
515,71
515,72
515,71
518,72
520,71
521,73
522,72
524,72
527,72
528,72
530,74
530,71
529,72
530,71
527,73
526,71
524,72
522,71
524,72
523,72
523,72
523,73
524,71
527,73
526,71
527,73
528,72
528,73
532,72
533,73
535,72
535,73
534,71
535,73
531,71
528,73
527,71
524,72
525,71
524,73
524,71
523,73
523,72
526,73
526,73
528,73
529,73
530,72
534,73
535,72
536,73
535,71
534,73
534,71
531,73
528,71
526,73
524,71
525,73
523,72
523,73
523,72
523,73
526,72
526,72
527,73
528,72
529,73
532,72
532,73
533,71
531,73
528,71
527,73
524,72
522,73
519,73
517,72
515,73
517,72
518,74
517,71
516,73
520,72
520,73
522,73
523,73
524,73
527,73
527,73
528,72
528,73
526,72
526,73
523,71
521,73
517,72
515,73
515,72
514,73
514,73
513,73
513,74
515,72
514,73
515,72
514,73
515,72
518,73
519,73
519,73
519,73
517,72
516,74
515,72
514,73
512,71
510,73
512,72
511,73
510,74
510,72
509,73
511,72
510,73
511,73
512,74
512,72
515,74
515,72
515,73
515,73
513,73
514,74
511,72
509,74
508,72
507,74
508,72
507,73
508,73
509,73
509,73
513,73
513,74
515,73
518,74
520,72
525,74
526,72
526,74
527,72
527,74
527,72
525,74
523,72
521,73
520,72
520,74
519,73
520,74
520,74
520,72
523,74
522,73
524,75
525,72
526,74
529,72
530,74
531,73
530,74
530,72
531,74
527,72
524,74
522,72
520,73
521,73
520,73
520,74
520,73
519,74
521,73
520,74
521,73
521,74
523,72
527,74
528,72
528,74
527,72
527,74
527,72
524,73
521,72
519,73
517,72
518,73
518,73
518,73
518,73
518,73
519,74
518,72
519,75
519,72
520,73
524,72
524,73
525,72
525,73
524,72
525,74
522,72
519,73
517,72
514,73
516,73
513,73
513,72
513,73
513,72
515,73
515,74
517,72
518,73
520,72
525,74
525,72
526,73
524,71
523,73
520,71
519,73
517,72
513,73
510,72
508,72
506,73
505,73
503,73
499,71
498,74
495,72
493,75
491,72
487,73
487,72
485,73
481,73
478,73
473,74
474,73
473,74
472,72
472,73
474,72
483,73
494,73
507,73
520,72
535,73
553,74
569,72
586,73
603,71
621,73
640,71
655,73
672,71
686,73
698,71
713,73
728,72
741,73
752,73
760,71
773,73
776,71
777,73
773,71
763,73
754,71
737,73
722,72
705,72
690,72
678,72
663,73
648,71
633,73
617,71
603,73
585,71
572,73
558,72
545,73
536,72
524,73
515,72
507,73
499,72
493,73
485,73
479,73
474,72
470,73
469,74
466,73
463,74
461,72
458,73
456,72
451,73
448,72
445,73
442,72
441,74
439,72
438,74
436,72
436,73
437,73
437,73
438,75
438,72
440,73
443,73
444,73
446,73
446,73
445,72
445,74
443,72
442,74
441,72
440,74
442,72
441,73
443,72
443,74
444,72
447,74
447,72
449,73
451,73
452,73
457,74
457,73
458,74
459,72
459,74
460,73
457,74
455,72
452,73
451,72
451,73
451,73
452,73
453,73
454,73
457,74
458,72
460,75
462,72
463,74
467,72
467,74
469,72
469,73
468,72
470,74
468,72
467,73
466,72
465,73
467,74
466,73
467,74
468,72
468,74
471,73
472,74
472,72
474,74
475,72
478,74
480,72
482,74
482,72
481,73
481,72
480,73
480,72
479,73
476,73
476,73
476,74
476,72
475,74
476,72
479,74
479,72
481,74
483,72
484,74
487,72
488,73
491,73
491,73
489,73
491,73
488,74
487,73
484,74
482,73
483,74
482,72
483,74
482,72
482,74
483,72
485,74
487,72
488,74
490,72
493,73
495,72
498,73
499,73
499,73
498,73
496,73
495,74
492,73
489,73
491,73
489,74
491,72
492,74
492,72
495,74
495,72
497,73
498,73
499,73
503,73
504,73
506,74
506,73
505,74
506,73
503,74
502,72
500,74
499,72
501,74
499,72
500,74
501,72
501,73
502,72
504,74
507,72
508,73
509,72
512,73
515,74
517,73
517,74
516,72
515,73
515,72
513,75
511,72
509,73
511,73
509,73
509,73
510,74
509,74
512,73
511,74
512,72
512,74
514,72
518,74
519,72
520,74
520,73
519,73
521,74
518,72
517,74
515,72
513,74
513,72
512,74
512,72
512,74
511,72
512,73
513,74
515,73
516,74
518,73
519,74
520,72
522,74
521,72
519,73
520,72
518,74
515,73
512,73
510,73
510,74
508,73
507,73
507,74
506,73
508,74
508,73
509,74
509,73
510,74
513,73
514,74
515,72
514,74
512,73
512,73
509,74
507,73
505,74
503,73
504,74
502,72
502,74
503,73
502,73
504,74
505,73
508,74
508,73
508,74
512,73
515,74
515,72
515,73
514,73
512,73
511,74
510,74
507,74
504,72
505,74
504,72
504,74
504,73
504,74
506,73
505,74
506,73
507,74
509,74
512,73
513,74
514,73
515,74
513,73
514,74
511,73
508,74
507,73
505,74
505,73
504,74
504,73
505,73
504,74
506,73
507,75
508,73
508,75
509,72
512,75
515,73
517,75
517,73
517,74
515,73
512,74
511,73
508,74
505,73
507,74
506,73
506,74
507,75
506,73
510,75
510,73
511,74
513,73
513,74
517,73
518,74
519,74
518,73
517,75
517,73
514,75
512,73
509,74
507,73
508,75
506,73
507,74
507,74
507,73
508,75
509,73
511,75
512,73
512,74
516,73
519,75
520,73
521,74
519,73
518,73
519,75
517,75
515,73
513,73
515,75
514,73
514,75
515,73
515,75
517,73
517,75
518,73
520,74
522,73
526,74
527,74
529,74
530,75
529,73
530,75
528,73
527,75
525,73
523,74
525,74
524,74
524,75
524,73
523,74
525,73
526,75
528,73
528,75
530,73
532,75
535,74
536,74
537,75
535,73
536,75
533,73
531,75
529,73
528,75
529,73
527,74
527,74
527,74
526,74
528,74
529,75
530,73
530,75
531,73
536,75
536,73
537,75
537,74
536,74
537,75
534,73
531,75
528,73
527,75
527,73
525,75
524,73
524,75
523,73
524,74
525,75
526,74
526,75
526,73
528,75
530,74
531,75
530,73
529,75
526,73
526,75
524,75
520,74
517,75
517,74
515,75
515,74
513,75
512,73
513,75
512,73
512,75
512,73
512,75
515,74
516,75
517,74
517,74
515,75
515,74
511,75
508,73
505,75
503,73
504,75
503,74
504,75
504,75
505,74
508,75
507,73
508,75
508,73
510,75
512,74
513,75
514,74
513,74
513,75
512,74
511,75
510,75
508,75
507,73
509,75
509,73
511,75
511,75
511,75
515,75
515,74
515,75
516,74
517,75
521,74
522,75
524,73
524,75
523,74
523,75
519,75
517,74
514,75
512,74
512,75
510,74
510,75
510,75
510,74
511,76
512,74
513,75
513,73
514,74
517,76
519,74
521,75
520,74
519,75
518,73
518,75
516,75
513,74
510,75
511,74
510,75
511,74
512,75
512,73
514,75
513,74
514,75
515,74
517,74
520,76
520,74
522,75
524,74
520,75
520,74
518,75
515,75
513,74
510,75
511,74
510,75
509,74
509,75
508,74
511,75
511,74
511,75
513,73
514,75
517,75
516,75
517,75
517,74
515,75
515,74
512,75
510,74
508,75
505,74
504,75
504,75
505,75
504,75
504,74
507,76
507,74
507,75
508,74
508,75
511,74
511,76
510,74
508,75
506,74
506,76
503,74
499,75
493,75
487,75
485,76
479,74
476,76
472,74
468,76
466,74
462,76
461,74
463,75
464,73
470,76
474,75
480,75
492,76
504,74
519,76
530,74
543,75
558,73
574,75
593,74
610,75
629,75
644,75
660,75
679,75
694,76
710,74
726,75
743,73
764,76
780,73
796,76
807,73
812,75
814,73
807,75
796,73
779,75
759,73
739,75
716,73
696,75
676,74
656,75
642,76
624,74
608,76
593,74
579,75
569,74
557,76
546,74
536,75
525,74
513,76
501,74
490,76
479,74
468,75
462,75
454,75
449,76
445,75
442,76
442,75
440,76
439,75
437,76
436,74
438,76
438,75
438,76
438,75
436,76
436,75
432,75
429,75
427,75
424,76
424,75
423,76
423,75
423,76
423,74
426,76
427,75
430,76
432,76
433,75
437,76
440,75
442,76
442,74
442,75
442,74
443,76
442,75
441,75
439,76
440,75
439,76
440,75
440,76
441,75
444,76
445,75
448,76
450,76
453,75
457,76
459,75
461,76
463,75
461,76
461,75
459,76
457,75
455,76
453,75
454,76
452,76
453,75
453,76
452,74
455,76
456,75
459,76
460,75
461,76
463,75
465,76
467,75
468,75
467,76
469,75
467,76
465,75
463,75
463,74
463,76
463,74
463,76
463,75
463,76
466,75
467,75
468,76
470,75
471,76
475,75
478,76
479,75
479,76
478,75
479,76
477,75
476,76
473,74
472,76
472,75
470,76
470,74
470,76
471,75
472,75
474,76
476,75
477,76
478,74
482,76
484,74
487,76
486,74
485,75
483,74
483,76
481,75
479,75
476,76
476,75
475,76
475,75
476,76
476,75
479,76
479,75
481,76
482,74
483,76
488,75
489,76
491,75
492,76
491,74
492,76
490,75
487,76
485,76
483,75
484,76
483,75
484,76
483,75
483,76
484,75
487,76
488,75
488,76
489,74
493,76
495,76
497,76
498,76
497,75
498,76
495,75
494,77
491,74
488,76
489,75
488,76
488,75
488,75
488,76
491,75
491,76
494,75
495,76
496,74
500,76
502,75
503,76
503,75
502,76
504,75
502,76
500,76
498,75
497,76
498,75
496,76
496,75
496,76
495,74
497,76
499,75
501,76
501,74
504,76
505,75
507,76
510,75
509,76
508,76
510,75
506,76
504,75
500,76
498,75
499,76
498,75
499,76
499,74
498,76
502,75
502,76
504,75
506,75
507,76
511,75
511,76
511,75
511,76
509,74
509,76
506,75
504,75
500,76
497,75
499,76
497,75
498,76
498,74
497,76
498,74
500,76
501,75
501,76
501,74
504,76
506,74
508,76
509,75
508,75
509,76
507,75
504,76
503,75
501,76
501,75
499,76
500,75
501,76
500,75
503,76
503,74
505,76
507,75
508,76
510,75
511,75
512,76
512,75
511,76
512,75
510,76
508,75
505,76
504,74
504,76
504,75
507,76
507,75
507,75
508,76
510,75
511,76
511,74
511,76
514,75
516,75
519,77
518,75
518,76
518,75
514,76
513,75
511,76
509,74
510,76
508,75
508,76
508,75
507,75
509,76
508,75
509,76
510,74
510,76
513,75
513,76
515,74
514,76
513,74
513,76
510,74
507,76
504,75
501,76
501,76
499,75
499,76
498,75
496,75
497,74
497,76
497,74
496,76
496,76
499,75
502,76
503,75
503,76
502,74
503,76
499,74
499,76
496,74
494,76
495,75
493,76
492,76
493,75
492,76
495,75
494,76
496,75
497,76
498,75
501,76
502,75
504,76
504,74
504,76
505,75
501,76
499,74
497,76
495,74
496,76
494,74
496,76
496,74
496,75
496,75
497,75
499,76
501,75
503,76
507,74
510,76
512,75
512,76
512,74
513,76
511,74
509,76
506,74
502,76
504,75
503,76
502,74
503,76
503,74
505,76
505,75
506,76
505,75
507,75
511,76
512,75
514,76
515,75
514,76
515,75
513,76
511,74
509,76
505,74
506,76
504,74
504,76
504,74
504,75
505,74
507,76
508,74
507,76
508,74
511,76
514,76
516,76
515,76
513,74
514,76
511,75
509,76
506,74
503,76
501,74
500,76
499,75
498,76
497,74
499,76
497,74
497,76
497,74
498,75
501,75
502,76
504,75
504,76
502,75
504,75
500,76
498,75
496,76
494,75
494,76
491,75
490,76
489,74
489,76
492,74
492,76
494,74
494,76
494,74
496,76
499,74
502,76
501,75
501,75
502,75
499,75
496,76
494,74
491,75
492,75
490,76
489,75
487,76
487,75
489,76
487,75
489,76
489,74
490,76
493,74
494,76
495,74
496,76
497,75
497,75
495,76
493,75
490,76
487,75
489,76
489,75
490,76
490,74
491,76
493,74
492,76
493,74
495,75
496,74
500,76
502,74
504,76
504,74
502,76
502,75
501,75
500,76
496,75
492,75
493,75
490,75
489,74
488,76
487,74
490,76
489,74
490,76
491,75
492,75
496,76
496,75
497,76
497,74
496,76
496,75
493,76
492,74
489,76
488,74
487,76
485,75
486,76
487,76
486,75
487,77
487,75
488,76
488,75
488,76
491,75
492,76
494,74
492,76
491,74
490,76
489,74
487,76
484,74
480,75
480,75
478,75
477,76
476,75
475,76
478,75
477,76
477,75
478,76
479,75
483,76
483,74
485,76
485,74
483,76
483,75
480,76
476,75
474,75
471,76
472,75
472,76
471,75
471,76
470,74
472,76
472,75
473,76
474,74
476,75
478,76
480,75
481,76
481,75
480,75
480,75
475,76
470,74
464,76
459,74
456,76
451,75
448,76
444,75
440,75
440,76
435,75
433,76
432,75
433,76
439,75
442,76
451,75
463,76
479,75
496,76
511,75
529,75
546,76
565,75
588,76
608,74
628,76
646,74
664,75
683,74
701,76
720,74
739,76
758,73
780,76
801,73
820,76
833,73
841,75
841,73
837,75
829,75
812,75
787,73
763,75
734,76
708,74
682,76
657,74
639,76
619,74
600,76
580,74
564,76
553,74
540,76
528,75
517,76
505,76
496,75
483,76
470,75
458,76
447,75
439,76
431,75
426,76
423,75
418,75
417,75
416,76
415,75
414,76
413,75
414,76
415,76
416,76
415,76
415,75
412,76
410,75
409,76
406,75
404,75
405,75
403,76
404,75
405,76
406,75
410,76
410,75
412,76
415,75
417,76
422,75
425,75
427,76
430,76
429,76
430,75
429,76
428,75
426,76
424,75
427,76
427,75
428,76
430,75
429,75
432,75
433,76
435,75
437,75
439,76
443,75
446,76
448,75
449,76
450,74
451,76
450,75
450,76
448,76
447,75
447,76
446,75
447,76
447,75
447,76
449,75
450,76
451,74
452,76
454,75
458,76
458,75
461,75
462,76
461,75
463,76
461,75
460,76
459,75
458,76
460,74
460,76
459,75
460,76
459,75
460,75
462,76
464,75
465,76
467,75
471,76
473,75
476,76
477,74
477,76
479,75
476,76
474,75
472,76
470,75
472,75
471,76
472,75
473,76
473,75
476,76
477,75
479,76
480,75
481,76
486,75
487,75
488,76
488,75
489,76
491,75
488,76
487,75
486,76
483,75
484,76
482,74
482,76
483,74
482,76
484,75
483,75
484,76
486,75
487,76
491,75
492,76
493,74
494,76
493,74
494,76
492,74
489,76
489,75
487,75
488,76
487,75
487,76
487,75
485,76
487,75
487,76
488,75
490,75
492,76
497,75
497,76
500,75
500,76
499,74
501,76
499,74
499,76
497,75
495,75
497,76
496,75
496,76
497,74
497,76
499,74
501,76
503,75
504,75
507,74
510,76
511,74
514,76
515,74
513,75
513,76
511,75
509,76
505,74
503,76
504,74
503,76
504,74
504,76
503,74
506,76
506,76
507,75
508,76
508,75
512,76
514,74
516,76
516,74
514,76
516,75
514,75
513,76
512,75
509,76
509,75
505,76
506,74
506,76
505,74
507,76
507,74
508,76
508,74
511,76
514,74
516,75
519,75
518,75
517,75
518,75
515,76
513,75
509,76
506,74
507,76
506,74
507,76
506,74
506,76
508,75
508,76
509,75
511,76
512,75
516,75
518,76
520,75
521,76
519,74
521,76
519,74
518,76
517,74
514,76
516,75
515,75
514,75
514,75
515,74
516,75
518,76
519,75
519,76
520,74
522,76
525,74
529,76
529,74
528,75
530,74
528,75
526,74
524,75
523,74
520,75
520,76
521,75
521,75
519,74
524,76
524,74
525,76
526,74
527,75
532,75
533,75
535,76
536,75
534,76
536,75
533,75
531,74
530,76
528,74
528,76
524,74
524,75
525,74
522,75
525,75
525,75
526,76
524,75
524,75
527,75
529,76
531,74
531,76
530,73
529,75
528,74
527,76
524,73
521,75
522,74
519,75
519,75
517,75
516,75
519,75
520,76
521,75
521,76
520,74
524,76
525,73
528,76
528,74
527,75
528,75
527,75
524,75
522,75
519,75
520,75
518,76
519,75
518,76
517,74
518,76
518,74
520,76
521,74
521,75
524,74
526,76
528,74
529,75
529,74
528,75
527,76
525,74
523,75
520,73
519,75
518,74
519,76
519,73
519,75
523,74
523,75
524,74
525,75
524,74
530,75
531,74
533,75
533,76
533,74
535,76
532,74
531,75
529,74
527,75
528,74
524,75
523,74
523,75
523,76
526,75
524,76
525,74
527,75
528,73
533,75
534,73
536,75
536,73
535,74
537,74
534,75
531,76
529,74
526,75
527,75
526,75
527,75
527,75
527,74
529,75
528,73
529,75
529,74
531,75
535,74
534,74
536,75
536,74
534,75
536,74
532,75
530,73
527,75
521,74
521,75
520,75
519,74
518,75
517,74
520,76
519,74
521,75
523,73
524,75
527,74
527,75
529,73
529,75
528,74
529,75
526,75
524,75
521,75
519,73
519,75
517,74
517,75
516,74
514,75
516,74
516,75
518,73
519,75
519,73
522,75
523,74
524,75
524,74
522,75
523,76
519,74
515,75
512,74
508,75
508,74
505,75
505,73
505,75
503,73
504,76
504,74
505,75
506,75
505,74
508,76
512,74
514,75
514,73
512,75
511,73
510,75
508,75
505,74
503,75
504,74
503,75
504,74
505,75
504,73
508,75
510,73
511,75
512,74
512,75
517,76
518,74
520,75
522,74
520,75
521,73
518,75
516,73
513,75
510,74
511,75
508,75
507,74
507,75
506,74
508,75
507,73
508,75
508,73
508,75
512,73
513,75
515,74
515,74
515,75
514,74
513,75
512,74
508,75
506,73
507,75
505,73
505,75
506,74
505,74
508,75
507,74
508,75
509,74
509,75
512,74
512,75
513,73
513,75
512,73
513,75
510,75
507,74
504,75
502,73
503,75
499,73
499,75
498,73
497,74
499,74
499,75
500,73
501,75
502,72
505,75
507,73
508,75
507,74
506,73
505,75
504,73
503,75
500,73
498,74
498,73
495,75
496,73
495,75
494,73
497,75
497,73
497,75
497,74
497,74
502,75
502,73
503,75
503,74
500,75
500,73
496,74
492,73
488,74
484,73
482,74
478,73
474,73
471,75
466,73
465,74
463,73
460,74
455,73
453,74
455,73
457,74
461,73
465,73
471,74
483,73
497,74
512,73
526,74
542,72
563,74
582,72
604,74
624,72
643,73
667,73
686,73
705,72
724,73
742,74
766,72
786,74
808,72
828,74
844,71
861,74
867,71
869,73
862,71
849,73
835,72
808,72
781,73
752,72
724,73
701,73
678,74
657,71
635,73
615,71
600,74
585,72
572,73
558,74
543,72
531,73
519,72
507,74
492,72
479,73
470,72
460,73
451,73
444,73
438,74
436,73
432,74
429,72
428,74
426,72
429,74
428,72
430,74
429,72
427,73
426,74
424,73
421,74
417,72
414,73
413,72
412,73
411,72
412,74
410,72
412,73
413,72
415,73
416,74
418,72
422,74
425,73
428,73
429,72
430,73
431,72
430,73
430,72
427,73
424,72
424,73
424,73
424,73
423,73
423,71
425,73
425,72
427,73
429,73
430,72
435,73
437,72
440,73
441,72
440,73
442,72
440,73
438,72
436,73
433,72
434,73
434,73
435,72
437,73
436,72
439,73
440,71
442,73
444,72
444,72
448,72
450,73
454,73
454,72
455,73
454,72
454,73
452,72
451,73
448,71
448,73
447,73
447,72
447,73
447,72
448,73
448,72
450,73
451,71
452,72
456,71
457,73
460,71
461,73
460,72
463,72
460,73
457,72
455,73
452,71
454,73
452,71
452,73
452,72
452,73
456,72
456,72
459,73
461,72
463,73
468,71
470,73
472,71
474,73
473,71
474,72
473,71
473,72
471,71
469,72
469,71
467,72
467,72
468,71
468,72
471,71
471,72
472,71
473,72
475,71
480,72
481,71
483,72
485,71
484,72
486,71
484,71
483,72
480,71
476,72
478,71
476,72
477,71
477,72
477,71
480,72
481,71
483,71
485,72
486,71
491,72
493,71
495,72
496,71
497,72
499,71
497,72
496,71
494,72
492,71
492,72
491,72
491,71
492,72
492,71
496,72
496,71
498,72
500,71
502,72
507,71
509,72
512,71
512,71
513,71
515,71
513,72
511,71
510,72
508,71
509,72
508,70
508,72
508,70
509,71
510,73
512,71
515,72
515,70
515,71
519,70
520,71
522,71
524,71
522,72
524,71
521,71
520,70
518,72
515,71
516,71
513,71
514,71
514,72
514,71
516,72
515,70
515,71
516,71
516,71
520,72
520,71
522,71
524,70
521,71
523,70
519,71
517,70
515,71
511,71
512,71
510,71
509,70
509,71
508,70
510,71
510,71
512,70
512,71
512,69
516,71
516,71
519,70
519,71
519,70
522,71
519,70
518,71
516,71
513,70
515,71
513,70
513,71
515,70
514,71
518,70
518,70
519,71
521,70
521,71
525,70
527,71
529,70
531,71
530,69
531,71
530,70
529,71
527,71
524,70
526,71
525,70
525,71
526,69
526,71
528,70
529,71
532,70
533,71
533,70
537,71
539,71
541,70
543,71
541,70
543,71
540,70
538,71
535,70
531,71
532,70
529,71
529,69
528,71
527,70
529,71
528,70
529,71
530,70
529,70
534,71
536,70
539,71
540,70
540,71
540,70
537,71
535,69
532,71
528,69
529,71
527,69
526,71
525,69
524,71
526,69
526,71
527,70
527,71
528,70
532,71
532,70
534,70
534,71
532,70
533,71
530,70
528,71
526,70
522,71
523,70
520,71
520,69
520,71
519,69
521,71
521,70
522,71
523,70
524,70
527,71
527,70
530,71
531,70
529,71
531,70
528,71
527,69
525,70
523,70
524,71
522,71
521,70
523,71
522,69
523,71
524,69
526,71
526,69
527,71
530,70
531,70
534,71
534,70
532,71
535,70
532,71
530,69
527,71
524,69
524,71
523,69
522,71
522,69
520,71
523,70
521,70
522,71
523,70
523,71
527,70
528,71
530,69
531,71
529,69
531,71
528,69
527,71
523,70
521,70
519,71
519,70
519,71
516,69
515,70
516,70
517,71
518,69
518,71
518,68
522,71
522,69
525,71
525,69
525,70
527,71
524,70
524,71
522,70
519,71
520,69
518,71
518,69
519,71
518,69
520,71
520,69
521,71
522,70
522,70
527,71
527,70
529,71
531,70
529,71
531,69
528,71
525,69
522,71
518,70
518,70
516,71
515,70
515,71
515,70
518,71
517,69
518,71
519,69
521,71
524,69
525,71
528,70
529,70
527,70
527,70
526,71
524,70
520,71
517,69
517,71
513,69
513,71
513,69
510,71
513,69
512,71
513,69
515,71
516,69
521,71
523,70
526,70
528,71
528,70
532,71
530,69
530,71
531,70
529,71
531,70
530,70
532,71
534,70
534,71
538,70
539,71
542,69
544,71
545,69
550,71
551,71
554,70
555,71
555,69
556,71
552,69
551,71
547,69
543,70
543,69
540,71
540,69
540,71
539,70
542,70
542,71
543,70
544,71
544,69
549,71
550,69
551,71
552,69
551,71
553,70
550,70
548,71
546,70
543,71
543,70
542,71
542,69
542,71
543,70
544,71
543,70
543,70
543,71
543,70
546,71
547,69
548,71
549,69
548,70
548,70
546,70
544,71
541,69
537,71
537,69
535,71
534,70
535,71
533,70
536,71
535,71
536,70
536,71
536,69
539,71
540,70
541,70
542,71
540,70
541,71
538,69
535,71
532,69
527,71
527,71
524,70
523,71
522,70
521,71
521,70
519,71
519,70
519,71
518,70
518,72
519,70
519,71
517,70
513,71
509,70
502,71
496,70
489,71
482,69
478,71
472,70
468,71
464,70
460,71
462,70
463,71
466,70
471,71
476,70
487,71
501,71
517,71
532,71
546,70
564,71
578,70
594,71
609,70
624,71
641,69
655,71
671,69
686,71
700,69
717,71
734,70
751,71
767,70
783,71
797,69
806,70
812,71
810,70
801,71
791,69
771,71
750,69
729,71
707,69
689,71
668,70
651,71
635,70
617,71
604,70
588,71
575,69
564,71
551,70
545,71
536,70
528,71
520,70
510,71
503,70
492,71
482,70
473,71
464,71
460,71
453,70
449,71
446,71
443,71
441,71
440,71
440,71
439,71
439,70
440,72
441,71
443,71
441,71
441,70
440,71
438,70
436,71
433,70
430,71
431,70
428,71
428,70
430,72
428,70
431,71
432,70
433,71
435,71
435,71
440,71
442,71
445,71
447,71
448,71
450,71
449,72
448,71
446,72
444,71
444,71
443,71
443,72
443,71
443,71
444,71
446,71
448,71
448,71
449,70
453,71
455,70
458,72
460,70
460,71
461,70
461,71
460,71
456,71
453,71
453,71
451,72
452,71
453,72
452,70
456,72
457,70
460,71
463,71
463,71
467,71
469,71
472,71
474,71
473,72
475,71
472,71
471,71
468,72
464,71
465,72
462,71
461,71
460,71
460,71
461,71
463,71
465,71
466,71
467,70
470,72
473,72
476,71
478,72
479,71
480,72
479,71
478,72
475,71
472,71
472,71
469,72
468,70
469,72
467,70
470,71
470,70
472,72
474,71
474,71
478,71
479,71
482,71
483,71
483,72
485,71
483,72
482,71
481,72
477,71
478,72
475,71
474,72
475,71
473,71
475,71
476,72
479,71
480,71
480,71
484,72
486,70
488,71
490,70
490,71
492,71
490,71
488,71
486,71
483,71
481,72
480,72
480,71
479,72
479,71
481,72
481,71
482,72
483,71
483,72
487,71
489,72
493,71
495,72
494,71
497,72
496,71
497,72
495,71
492,72
494,71
492,72
493,71
494,72
494,71
497,72
497,71
498,72
500,70
501,72
505,71
508,72
510,70
512,71
512,71
516,71
514,71
512,71
511,71
507,71
507,71
506,71
507,72
507,71
504,72
508,71
508,72
510,71
511,72
511,70
516,72
517,70
520,72
522,71
521,71
523,70
521,72
519,70
517,72
513,70
513,72
512,70
512,72
510,70
511,71
511,70
512,71
513,71
514,71
515,71
519,71
519,72
523,71
523,72
521,70
522,72
521,71
519,72
515,71
511,72
512,71
510,72
509,71
508,72
507,71
509,72
508,71
508,72
511,71
511,72
515,71
517,72
520,71
523,72
522,71
524,72
522,71
521,72
519,71
515,72
516,71
513,72
514,71
513,72
512,70
514,71
517,71
519,72
519,70
521,71
524,70
528,71
532,70
532,72
532,70
534,72
531,70
532,71
529,70
525,71
526,71
524,71
524,71
524,71
523,71
526,71
526,72
527,71
529,72
531,71
535,72
537,70
540,72
543,71
544,71
545,70
543,71
542,70
540,72
536,71
536,71
535,71
536,71
535,71
535,71
536,72
537,71
539,72
540,71
540,71
543,71
546,72
550,71
551,72
551,70
552,72
550,70
548,71
545,70
542,71
540,70
539,71
538,70
538,71
537,70
541,71
540,70
541,71
542,71
541,71
544,71
545,71
547,72
549,71
547,72
551,70
548,71
547,70
544,72
540,70
540,72
536,70
536,71
536,70
534,71
537,70
537,71
539,70
540,71
540,71
544,71
547,72
550,71
551,72
551,70
550,72
548,70
547,72
543,70
539,71
538,70
534,71
533,70
530,71
527,70
529,71
528,71
528,71
529,72
528,71
534,72
535,71
537,72
539,71
538,71
540,71
537,72
534,71
531,72
526,70
526,72
523,71
522,72
521,71
519,72
521,71
520,72
521,71
521,72
521,70
524,73
526,71
527,72
527,70
527,71
527,70
524,72
523,70
519,71
515,70
515,72
511,71
511,72
511,71
509,71
511,71
509,71
510,72
511,71
510,72
513,71
513,72
515,71
517,72
515,71
515,72
512,70
509,72
507,71
502,72
502,71
499,71
498,71
497,72
495,70
496,72
495,70
497,72
497,70
498,72
501,71
503,72
504,70
505,72
504,70
505,72
504,70
504,72
500,71
496,71
496,71
493,71
493,71
492,71
492,72
494,71
494,72
496,71
498,72
499,70
505,72
507,70
512,72
516,71
515,71
519,70
517,71
515,70
513,72
510,71
510,72
508,71
507,71
507,71
504,71
507,72
505,71
507,72
506,71
507,72
509,71
511,72
514,71
515,72
515,70
517,72
515,71
513,72
511,70
508,72
508,71
505,72
505,71
505,72
503,71
506,72
505,71
507,72
509,71
509,72
514,71
516,72
519,71
522,72
521,70
522,72
519,71
518,71
515,72
512,71
512,72
509,71
509,72
510,71
508,72
511,71
510,72
510,71
510,72
512,71
515,72
516,71
517,72
520,70
519,72
523,71
520,72
517,70
514,72
511,70
511,72
508,71
508,72
508,72
506,72
509,71
508,71
510,72
511,71
511,72
515,71
516,72
519,71
521,73
519,71
520,72
518,71
515,72
512,71
507,72
505,71
502,72
499,71
496,72
492,71
491,72
486,71
483,72
480,71
478,72
477,71
475,71
473,72
472,71
472,72
472,72
471,71
472,73
472,71
478,72
490,71
502,72
516,71
532,73
546,71
567,72
586,70
606,72
626,70
642,72
664,71
683,72
702,70
718,72
733,70
752,72
765,70
782,72
796,70
804,72
814,70
812,71
809,70
801,72
788,70
774,73
755,71
736,71
716,71
696,71
679,73
663,71
648,72
631,71
614,72
599,71
583,72
569,71
554,72
539,70
528,72
514,71
504,72
494,71
483,72
477,71
468,72
462,71
456,72
452,73
451,71
449,72
449,71
448,73
445,71
447,73
441,71
437,72
434,71
428,72
426,71
423,72
422,72
422,72
421,72
422,72
422,73
424,72
425,73
427,71
429,72
432,71
436,72
438,71
439,72
440,71
439,72
438,71
436,72
433,71
433,72
431,72
432,71
432,73
432,71
435,73
435,71
436,72
439,71
439,72
442,71
445,72
449,71
452,73
452,71
454,73
452,71
451,72
448,72
444,72
446,73
444,71
444,73
445,72
444,72
446,72
446,73
448,71
449,73
450,71
454,73
457,71
461,73
463,71
463,72
464,71
465,73
464,71
461,72
458,71
459,72
457,72
457,71
458,72
459,71
462,72
461,71
464,72
465,71
465,72
470,71
473,72
476,71
480,73
479,71
483,73
483,71
483,71
481,72
476,71
479,72
477,71
477,72
478,71
477,72
481,71
480,72
482,71
483,73
482,71
486,73
487,71
491,73
493,71
494,72
494,72
493,71
493,72
491,71
489,72
488,71
486,72
485,71
485,72
484,71
486,73
485,71
487,72
489,71
488,72
492,71
495,73
498,71
501,73
500,72
503,72
501,73
500,71
499,72
496,71
496,73
494,71
494,73
494,71
493,73
496,72
496,73
498,72
500,72
500,72
504,71
507,72
511,71
513,72
514,71
516,73
514,71
512,72
509,71
505,72
505,71
502,72
503,71
503,72
501,71
502,72
503,71
505,73
505,71
507,71
511,72
512,71
516,73
518,71
518,72
520,71
518,72
517,71
516,73
512,71
512,73
511,71
510,73
510,71
509,72
512,71
511,72
513,71
515,73
514,71
519,73
521,72
524,71
527,72
527,72
529,72
527,71
526,72
523,71
519,72
516,71
514,72
514,71
513,72
513,71
514,73
513,71
515,72
515,71
514,72
518,71
519,72
520,71
522,73
521,71
523,73
521,71
519,72
517,71
512,72
512,71
508,72
507,71
507,73
504,71
506,73
506,71
508,72
509,72
509,72
513,72
514,73
517,72
517,72
517,72
518,73
517,72
516,71
512,72
508,71
507,72
506,71
506,72
507,71
506,72
509,71
509,72
509,71
510,73
510,71
514,73
516,71
519,73
521,71
521,73
523,71
521,73
519,71
518,72
514,72
515,71
513,72
513,71
513,72
513,71
513,72
515,71
517,73
517,71
518,72
522,71
525,72
528,71
529,73
530,71
531,73
531,72
530,71
527,72
523,71
523,72
520,71
519,72
518,71
515,72
519,71
519,73
519,71
520,73
519,71
524,73
527,71
530,73
534,71
533,72
536,71
534,73
532,71
531,73
527,71
529,73
526,72
526,71
526,73
525,71
527,73
527,71
529,73
528,71
529,72
532,71
536,72
539,71
539,72
539,71
540,73
540,71
539,73
536,71
531,72
531,71
528,73
528,71
528,73
525,71
527,72
526,72
527,71
529,73
529,71
534,73
534,71
538,73
540,72
538,72
541,72
540,73
537,72
535,72
531,72
529,72
526,72
524,71
522,72
521,71
522,72
523,71
526,73
527,71
528,72
530,71
533,73
536,71
536,73
536,71
539,72
536,72
534,71
532,72
528,71
528,73
525,71
524,73
523,71
522,72
524,72
522,72
524,72
526,71
525,72
530,71
532,73
534,71
536,73
535,71
537,73
534,72
533,72
531,73
527,71
527,73
524,71
522,73
521,72
519,73
521,71
521,73
522,71
522,73
521,71
523,73
526,72
529,72
530,72
530,71
530,73
529,71
527,73
524,71
522,73
521,71
518,73
518,72
516,73
514,71
515,72
512,73
514,71
513,73
513,71
516,73
516,71
518,73
519,72
518,73
519,72
517,73
515,72
512,73
508,72
507,72
504,73
503,72
503,73
500,72
503,73
500,72
501,73
502,73
501,73
505,73
506,73
508,73
510,72
510,74
511,72
508,73
506,72
503,73
500,73
499,72
497,73
497,72
498,73
498,72
500,73
499,72
502,73
504,72
505,73
510,72
512,73
515,72
518,73
516,71
520,73
519,71
517,73
515,72
511,73
510,72
507,73
507,72
507,74
506,72
509,73
510,72
511,73
513,72
513,73
517,72
518,73
520,72
523,73
522,72
524,74
521,72
519,73
515,72
513,73
512,72
509,73
510,72
509,73
508,72
510,74
511,72
513,74
512,72
514,74
517,73
518,74
523,73
524,74
524,72
526,74
523,72
522,74
520,73
516,74
516,73
513,74
512,72
512,74
511,72
513,74
512,72
513,74
515,73
514,74
518,73
519,74
522,73
525,74
524,73
525,74
523,73
521,74
518,73
515,74
513,73
512,74
513,73
512,74
511,73
512,74
510,73
512,74
512,73
513,74
517,73
519,74
520,73
520,74
519,74
521,72
519,74
516,72
511,74
505,72
504,74
499,72
496,74
495,73
492,74
493,73
489,74
487,73
483,74
479,72
478,74
475,73
475,74
471,73
467,74
462,74
459,74
458,73
455,74
455,73
459,75
468,73
484,75
498,73
514,74
535,73
555,74
578,73
600,74
622,73
646,74
666,73
688,74
708,73
723,74
743,73
758,73
773,73
789,73
802,73
820,73
831,73
840,73
844,74
839,72
838,74
824,72
808,74
786,73
758,74
737,73
713,74
693,72
671,74
650,72
630,74
610,73
591,75
571,73
554,75
538,73
523,74
511,73
497,75
486,73
477,75
465,73
457,75
450,74
443,74
441,74
438,75
437,73
437,75
433,73
432,75
430,73
426,75
423,74
417,75
415,74
410,75
409,74
408,75
407,74
409,75
409,74
412,75
412,74
413,75
417,74
419,75
423,74
425,75
425,74
426,75
425,74
425,75
423,74
421,75
420,74
418,75
419,74
419,75
419,74
421,75
424,74
426,75
426,73
427,75
430,74
432,75
436,74
438,75
437,74
440,75
439,74
438,75
436,74
432,75
432,74
432,75
431,74
431,75
430,74
432,75
432,75
432,75
433,76
434,74
437,75
439,74
441,75
445,75
444,75
446,74
445,75
444,75
442,75
440,74
440,76
439,74
438,75
438,74
439,75
440,75
440,75
442,74
443,75
444,74
448,75
450,74
454,75
456,74
457,75
459,74
458,75
457,74
456,76
453,74
454,75
452,74
453,75
454,74
452,75
454,74
454,75
456,74
458,75
458,74
463,75
465,74
467,75
470,74
469,75
471,74
468,75
467,74
465,75
463,74
463,75
461,74
462,76
462,74
461,75
462,74
462,75
463,75
464,75
466,74
471,76
472,74
476,76
478,74
477,75
478,74
476,76
475,74
473,76
469,74
468,76
466,74
465,76
465,75
462,75
465,74
463,75
465,74
468,76
468,75
473,75
476,76
478,75
480,76
480,75
482,76
481,75
480,76
478,75
477,76
476,75
475,76
474,74
475,76
475,75
477,76
476,74
478,76
478,74
479,75
483,75
484,76
488,75
491,76
491,74
494,76
492,74
491,76
487,74
485,75
486,74
484,76
484,74
484,76
483,74
486,76
487,74
489,75
492,75
491,75
495,75
497,76
500,75
502,76
503,74
506,76
504,74
504,75
502,75
496,75
496,74
493,75
493,74
492,76
491,74
493,76
494,74
493,76
494,74
494,76
497,75
499,76
501,75
504,76
505,75
505,75
502,76
500,75
499,76
497,75
497,76
495,75
495,76
496,75
493,76
496,75
495,76
496,74
497,76
496,74
500,76
501,74
504,76
505,75
504,76
506,75
505,76
502,74
501,76
496,74
496,76
494,74
496,76
494,74
495,76
496,75
496,76
498,75
497,76
499,75
502,77
504,75
508,76
508,74
509,76
512,75
511,76
511,75
508,76
505,75
505,76
503,75
504,76
504,75
503,76
506,75
506,75
507,75
510,76
510,75
514,76
515,75
518,76
520,75
520,76
524,75
521,75
519,76
518,75
514,76
514,75
512,76
510,75
510,76
508,75
510,76
510,75
511,76
513,75
515,76
519,75
520,76
523,74
525,76
524,74
526,76
524,74
524,76
524,75
519,76
519,75
516,76
515,75
514,75
512,75
512,76
513,76
515,75
515,76
515,75
518,77
520,75
524,76
524,74
526,76
526,75
525,76
525,74
523,76
521,74
519,77
519,75
519,76
517,75
516,75
519,76
518,75
521,76
521,75
520,76
524,75
524,76
526,75
529,76
527,74
528,76
526,74
526,76
524,75
520,76
521,75
519,75
518,76
519,75
518,76
520,75
520,76
520,75
522,76
521,74
526,76
527,74
528,76
529,74
529,76
531,75
528,76
526,75
524,75
521,76
520,75
518,76
520,75
519,76
520,74
521,76
523,74
525,76
524,74
525,76
529,74
529,76
531,74
532,76
531,75
535,76
533,75
530,75
527,76
525,74
527,76
523,75
523,76
523,75
521,76
524,75
523,75
524,75
525,76
523,76
528,75
530,76
531,75
533,76
531,74
534,76
532,74
531,76
528,74
526,76
524,74
523,76
523,75
520,75
519,76
522,75
521,76
523,75
521,76
520,74
524,76
525,74
527,76
527,75
524,76
526,74
524,76
522,74
519,76
513,74
514,76
511,75
511,76
512,75
510,75
512,76
511,75
511,76
512,75
510,76
513,75
513,76
515,75
516,76
516,74
515,76
515,74
512,76
508,74
506,75
504,75
503,75
504,76
503,75
503,76
505,75
504,76
508,75
510,76
510,74
515,76
517,75
519,75
521,76
520,75
523,76
524,75
526,76
525,75
521,76
521,74
520,76
520,74
520,76
519,75
522,76
521,75
523,75
525,76
523,75
527,76
527,75
529,76
528,75
528,76
528,75
525,76
524,75
520,76
518,75
518,76
515,74
514,76
515,74
516,76
518,75
516,76
519,74
519,76
519,75
522,76
524,75
527,75
530,76
529,75
532,76
531,74
529,76
528,75
524,76
525,75
523,76
523,75
523,76
520,75
522,76
521,74
521,76
523,75
523,76
527,74
527,76
529,74
532,76
533,74
534,76
532,74
530,76
528,74
525,76
525,74
522,76
521,74
520,76
519,74
520,76
519,75
521,76
524,75
524,75
526,76
528,76
531,74
533,76
531,74
533,76
531,74
529,76
527,74
522,75
520,74
516,76
515,74
512,76
508,74
510,76
506,74
506,76
505,74
500,76
499,74
496,76
494,75
492,76
489,75
487,75
480,75
475,76
469,75
466,75
465,75
467,75
473,75
482,75
497,75
514,76
532,75
554,76
574,74
597,75
623,74
646,75
668,74
688,75
707,74
729,75
744,74
760,75
776,74
789,75
811,73
827,75
846,73
860,76
869,73
877,75
872,73
865,75
852,74
828,75
806,73
777,75
751,73
727,76
700,73
680,76
653,73
631,75
608,74
586,75
569,74
552,76
538,75
524,76
511,75
500,76
487,75
478,76
469,75
460,76
455,75
448,76
445,75
441,76
438,75
435,76
431,75
427,76
424,75
418,76
416,75
413,76
411,75
411,77
408,75
409,76
408,75
409,76
410,75
409,76
412,75
415,76
417,75
420,76
420,75
423,76
422,75
421,76
419,75
417,76
417,75
415,76
415,75
416,75
417,76
420,76
421,75
424,75
427,75
428,75
432,75
435,75
441,75
442,76
442,74
445,76
444,74
444,76
443,74
440,76
440,75
438,75
438,75
439,75
437,76
440,75
441,76
443,75
445,76
445,75
449,76
451,75
454,76
458,75
458,76
460,75
459,76
459,74
458,76
455,74
455,76
454,74
454,75
455,74
455,75
456,74
456,76
457,74
458,76
459,75
462,76
463,74
466,75
468,74
470,76
472,74
470,76
471,74
469,76
466,74
466,76
463,74
463,75
464,75
464,76
466,75
466,76
468,74
470,76
470,74
475,76
476,74
479,75
481,75
482,75
484,74
482,75
481,75
480,76
477,75
477,76
475,75
476,76
475,75
476,75
479,75
478,75
479,74
481,76
482,74
486,76
487,74
489,75
492,75
494,75
495,74
494,75
494,75
493,75
489,75
490,75
488,75
489,75
490,75
489,75
492,75
492,75
494,75
497,76
497,74
501,75
502,75
504,75
507,76
507,75
508,76
505,75
505,76
505,75
502,75
503,74
502,75
502,74
503,75
503,75
506,75
507,74
508,75
509,74
511,75
513,76
515,75
519,75
520,74
520,76
521,74
520,76
520,74
519,76
515,73
514,75
512,74
512,75
512,74
510,75
512,74
510,75
511,75
512,75
511,75
515,75
516,76
519,74
521,76
520,74
522,75
521,74
519,75
518,74
512,75
513,74
511,75
510,74
508,75
507,74
510,75
509,74
510,75
511,75
512,74
514,76
515,75
518,76
517,74
518,75
519,74
516,75
515,74
512,76
507,73
506,75
503,74
500,75
499,75
496,75
499,76
498,75
498,76
500,75
499,75
502,74
502,76
504,74
506,76
506,74
508,76
505,74
504,75
503,74
498,75
497,74
494,75
493,74
494,75
494,74
496,75
496,74
496,75
496,75
496,75
499,76
501,75
505,75
508,74
512,76
514,74
513,75
515,74
513,76
511,74
512,75
510,74
510,75
510,74
509,75
511,73
512,75
513,74
514,75
514,74
518,75
519,76
522,74
524,76
523,74
526,76
525,74
524,75
522,74
519,75
521,74
519,75
519,74
519,75
520,73
524,75
523,73
524,75
525,74
525,75
528,74
529,75
532,74
534,75
533,74
535,75
531,75
532,75
530,76
525,74
525,76
521,74
521,75
521,74
519,75
521,74
521,75
524,74
526,75
525,73
529,75
531,74
534,75
537,74
536,75
539,74
536,75
535,74
533,76
529,73
528,75
526,73
524,75
525,74
523,75
526,73
526,75
526,73
527,76
527,73
532,75
532,73
538,75
541,74
539,75
541,74
541,75
542,73
541,75
537,74
536,75
534,74
534,75
533,75
532,74
533,75
534,74
536,76
537,74
537,75
538,74
540,75
543,74
544,75
544,73
545,75
544,74
544,75
542,73
538,75
536,73
535,75
535,74
535,75
534,73
536,75
536,73
537,75
538,73
539,75
541,73
542,75
543,74
546,75
546,74
548,75
547,74
546,75
545,75
541,74
541,75
537,74
537,75
537,75
535,75
536,74
536,75
536,74
536,75
534,73
537,75
538,73
541,75
543,73
543,75
544,74
542,75
539,73
536,75
536,73
536,75
533,74
533,75
533,74
533,75
533,74
534,74
537,75
536,74
537,75
541,74
540,75
542,74
544,76
543,74
545,75
542,74
540,75
539,74
534,75
532,74
530,75
529,74
529,76
526,74
527,76
525,74
527,75
527,74
525,75
529,74
531,75
533,73
534,75
531,73
532,75
530,73
529,75
526,73
522,75
522,73
518,75
516,74
515,75
515,73
516,75
514,74
516,75
518,74
518,75
521,74
523,75
524,74
527,75
526,74
529,74
528,75
527,74
527,76
523,73
524,75
522,73
523,75
523,74
522,75
524,74
524,75
525,74
527,76
527,73
531,75
532,73
534,75
536,74
537,75
539,74
536,75
534,74
534,75
531,74
530,75
527,74
526,74
523,74
523,75
524,74
522,75
524,74
525,75
527,75
527,74
529,75
531,75
532,76
530,74
531,75
531,74
530,75
528,74
524,75
524,73
523,75
523,73
524,76
522,73
525,75
524,74
525,75
526,75
524,74
527,75
528,74
532,75
535,75
533,75
535,74
534,75
533,74
531,75
528,73
529,75
526,74
525,75
524,74
523,75
526,74
524,75
526,74
525,75
526,73
529,75
529,74
531,75
535,75
532,75
535,74
533,75
531,74
529,75
524,74
525,75
522,74
521,75
521,75
517,74
519,75
517,74
517,75
518,75
514,75
516,74
515,75
515,74
515,75
513,74
511,76
504,74
499,75
492,74
486,76
481,74
476,75
469,74
464,75
462,74
462,75
464,74
468,75
472,73
483,75
499,74
515,75
534,73
554,76
571,73
591,75
611,73
632,75
651,74
665,75
685,73
702,75
719,73
737,75
752,73
775,75
791,73
815,75
836,73
849,75
867,73
872,75
875,73
870,75
856,73
838,75
811,74
783,74
754,74
726,74
702,74
677,74
654,75
633,74
613,75
599,74
579,75
567,74
554,75
542,73
533,75
522,73
512,75
504,75
492,75
485,74
476,75
467,74
460,75
451,74
447,75
440,75
435,75
433,75
431,75
431,75
429,75
429,76
430,75
428,75
430,75
431,75
432,74
433,76
433,75
435,76
433,74
431,75
429,74
426,76
425,74
424,75
424,74
423,75
423,75
426,76
428,75
431,75
434,75
437,74
440,75
443,75
446,75
450,75
450,75
451,74
450,75
450,74
449,76
446,74
446,75
445,74
445,75
445,74
444,75
448,74
447,75
449,75
451,76
450,74
453,75
455,76
457,75
459,75
457,74
459,76
456,74
455,75
455,74
452,75
451,74
450,75
449,74
450,76
450,74
452,76
450,74
453,76
453,74
453,75
455,74
456,75
458,74
461,76
461,74
463,75
462,74
462,75
462,75
459,75
459,75
456,75
457,76
458,75
457,75
460,74
460,75
462,74
464,76
463,74
468,75
470,74
471,75
472,74
473,76
475,74
475,75
475,73
474,75
473,74
472,75
469,74
469,75
470,74
470,75
470,74
471,75
473,75
474,75
475,74
478,75
480,75
484,75
487,76
485,75
487,75
486,75
483,74
484,76
481,74
481,75
480,74
480,75
481,74
480,75
484,74
483,75
485,74
488,76
487,73
489,75
491,74
494,75
495,74
496,75
500,74
499,75
499,74
497,75
493,74
492,75
490,74
